1563144462 23.9489593506 3.3334312439 2.80707812309 0.407477855682 0.353666841984 0.385470986366 0.438774615526
1563144463 31.9954891205 2.36098122597 7.3215508461 0.546115815639 -0.19416102767 -0.221164345741 0.562851727009
1563144464 29.0939731598 3.18264055252 4.86245679855 0.510354161263 0.203092485666 0.205756217241 0.501837015152
1563144465 26.9803123474 3.63472771645 3.7697353363 0.421718895435 0.336176306009 0.394714653492 0.486218988895
1563144466 27.0661678314 2.58451223373 5.96092271805 0.536156237125 -0.0478524267673 -0.0604880675673 0.515272796154
1563144467 27.9556674957 3.57816934586 3.79530334473 0.429235875607 0.354718208313 0.403059720993 0.484016895294
1563144468 25.0046672821 3.18012952805 3.35487580299 0.37627273798 0.320635974407 0.36552503705 0.426458507776
1563144469 28.5411262512 3.0050470829 5.61153268814 0.517825245857 0.102603405714 0.103608012199 0.499912261963
1563144470 26.9575214386 3.05148625374 3.97906136513 0.507455050945 0.188071027398 0.178483963013 0.494955569506
1563144471 24.6317043304 3.64112114906 2.85181307793 0.389343738556 0.363512158394 0.445666849613 0.481327563524
1563144472 26.9879837036 3.63277697563 3.5287129879 0.410332024097 0.351244360209 0.414742201567 0.483132511377
1563144473 27.6610202789 2.8369615078 5.37594890594 0.53916567564 0.0416739955544 0.0356815904379 0.514929890633
1563144474 25.3574237823 2.66192340851 5.7318687439 0.438153654337 -0.0460278019309 -0.00643206946552 0.481801569462
1563144475 31.6373729706 2.51863455772 5.94428062439 0.55556088686 -0.147796958685 -0.188288152218 0.57422709465
1563144476 31.999294281 2.51088380814 5.86607313156 0.558864295483 -0.142692387104 -0.189701110125 0.579700291157
1563144477 25.8717708588 1.65994203091 8.45377635956 0.471702426672 -0.416330456734 -0.46632117033 0.503800272942
1563144478 26.738910675 2.68830323219 5.89222097397 0.502735972404 -0.0363662913442 -0.0218670144677 0.506020665169
1563144479 32.3315048218 3.23427963257 5.25899600983 0.517719566822 0.200679183006 0.20074903965 0.519650816917
1563144480 25.5189628601 3.40765190125 3.22516584396 0.410344660282 0.363272577524 0.390828192234 0.439952075481
1563144481 25.7176780701 3.54240179062 3.2053091526 0.416198909283 0.329059153795 0.387578159571 0.478665590286
1563144482 26.5200996399 3.72961878777 3.58863854408 0.427265703678 0.347662806511 0.406314313412 0.490031987429
1563144483 26.7628517151 1.86375963688 8.04994487762 0.507883965969 -0.349345326424 -0.393972069025 0.509816467762
1563144484 27.9950065613 3.33657956123 3.6630282402 0.463325619698 0.207442909479 0.225871741772 0.508578062057
1563144485 28.278087616 3.2270386219 4.46719169617 0.527347385883 0.205377578735 0.195394814014 0.503811597824
1563144486 26.5898418427 2.84126400948 5.45961761475 0.466470330954 0.0296112988144 0.0619781166315 0.49377784133
1563144487 26.5214366913 1.61517310143 8.61932754517 0.441422104836 -0.438959181309 -0.527266561985 0.522968351841
1563144488 25.3598918915 2.79972243309 5.35928153992 0.454217106104 0.0120681207627 0.049990657717 0.485265463591
1563144489 29.361989975 1.83209788799 7.4073972702 0.475161314011 -0.346885681152 -0.438323825598 0.542475402355
1563144490 30.7884044647 2.38310265541 5.92187595367 0.543897688389 -0.165602996945 -0.211717247963 0.561317682266
1563144491 24.8247585297 3.67536139488 2.95994377136 0.410855799913 0.39216530323 0.443579316139 0.469637572765
1563144492 27.3009548187 1.71030580997 7.90688896179 0.476816147566 -0.366308033466 -0.429790347815 0.509745538235
1563144493 30.3344764709 3.54277729988 4.3551235199 0.521020770073 0.239815324545 0.262691378593 0.539984464645
1563144494 28.488822937 1.78768932819 9.30778026581 0.4943331182 -0.456083744764 -0.540012121201 0.550466835499
1563144495 27.028427124 1.73580002785 9.3023443222 0.494270861149 -0.455986380577 -0.506928563118 0.528275251389
1563144496 32.4402656555 3.29296064377 5.16316747665 0.580522477627 0.134676277637 0.128835067153 0.576105237007
1563144497 28.2567501068 3.52923989296 3.94458460808 0.494694411755 0.289264708757 0.310720652342 0.501387298107
1563144498 28.5469970703 3.4750623703 3.81237912178 0.519255816936 0.277392446995 0.285530149937 0.512094020844
1563144499 31.7913475037 3.24551582336 4.80224084854 0.517387568951 0.162218317389 0.177924752235 0.551666676998
1563144500 31.7784175873 3.0597307682 4.62034702301 0.559666991234 0.0737660229206 0.0532158315182 0.574114382267
1563144501 31.2470741272 2.59942126274 6.19988918304 0.556656479836 -0.097838319838 -0.134922236204 0.565885066986
1563144502 29.1981220245 3.5078496933 4.1126241684 0.493474692106 0.252749681473 0.277745008469 0.513694703579
1563144503 33.0468444824 2.91850972176 5.49712991714 0.58069974184 -0.0190428644419 -0.0435749739408 0.591287434101
1563144504 28.7353973389 3.19018316269 5.00724744797 0.478522092104 0.14806394279 0.18239068985 0.511673212051
1563144505 25.6484279633 2.49083209038 6.08366012573 0.511218070984 -0.0932183489203 -0.0967830270529 0.501726090908
1563144506 27.4011688232 3.512560606 3.62177157402 0.441551804543 0.347732812166 0.379400193691 0.470558017492
1563144507 27.2550792694 1.77323997021 8.7865228653 0.497132897377 -0.43023198843 -0.482691973448 0.532530486584
1563144508 31.003326416 3.66167712212 4.08443307877 0.547822654247 0.25250890851 0.274274706841 0.561385154724
1563144509 31.3052749634 3.82374477386 4.08354997635 0.542719423771 0.284311771393 0.314457893372 0.566893160343
1563144510 29.6153945923 2.1869430542 7.42081308365 0.544026792049 -0.244477123022 -0.291471153498 0.548178732395
1563144511 27.9756584167 3.27453613281 3.87906813622 0.472200602293 0.223031267524 0.248075097799 0.501599431038
1563144512 27.5628814697 1.73731017113 9.3976984024 0.476513952017 -0.467715680599 -0.555834233761 0.544104754925
1563144513 31.8598403931 1.68614220619 5.5549030304 0.407412976027 -0.32443484664 -0.493350863457 0.566636919975
1563144514 28.2123336792 3.01893138885 5.58146429062 0.500166118145 0.0971290916204 0.10670132935 0.496889024973
1563144515 27.4164772034 2.7945690155 5.42330932617 0.486537516117 0.0382111743093 0.0544859804213 0.501759767532
1563144516 29.5574150085 2.0388045311 7.47344064713 0.499568104744 -0.282489687204 -0.321829319 0.532075643539
1563144517 28.797290802 3.37162160873 3.88676548004 0.516808986664 0.265779852867 0.270878732204 0.507937908173
1563144518 26.7234554291 3.26724481583 3.38948082924 0.442131429911 0.283146828413 0.307529270649 0.46228942275
1563144519 25.9531173706 3.68703246117 3.07884168625 0.410063773394 0.382906347513 0.450261950493 0.484246462584
1563144520 28.3217601776 1.67110300064 8.49939060211 0.477123320103 -0.424954175949 -0.511033475399 0.54072624445
1563144521 25.6383705139 1.97591853142 6.55695295334 0.474436163902 -0.224509328604 -0.240800350904 0.477571040392
1563144522 29.4383468628 3.06858158112 5.6989068985 0.509006619453 0.100019603968 0.105067744851 0.506197690964
1563144523 31.8033676147 1.74051868916 6.12269735336 0.437406718731 -0.358455747366 -0.482616722584 0.561128497124
1563144524 27.3196182251 2.71702218056 5.4227848053 0.496434926987 0.0588952451944 0.0650461614132 0.487233430147
1563144525 28.6838302612 2.09332752228 8.09776878357 0.539840102196 -0.315985113382 -0.372963964939 0.535063385963
1563144526 26.8669319153 1.75571453571 9.24947547913 0.496944487095 -0.460883885622 -0.524635374546 0.534951388836
1563144527 26.6625652313 3.22440648079 4.34242582321 0.479135483503 0.198813423514 0.224124878645 0.487060189247
1563144528 25.5476264954 3.65288233757 3.17872524261 0.386535286903 0.371524840593 0.454451322556 0.483594805002
1563144529 28.8195304871 2.52665758133 6.80450773239 0.553273081779 -0.115013837814 -0.134656250477 0.533948600292
1563144530 31.8008899689 2.19391107559 6.33579444885 0.522780120373 -0.24656046927 -0.314472079277 0.566016852856
1563144531 27.2657852173 3.1255364418 4.46611595154 0.456727176905 0.209092110395 0.233658999205 0.474643111229
1563144532 31.5927867889 2.42839765549 5.43586015701 0.499945998192 -0.163919657469 -0.24029776454 0.576987922192
1563144533 26.4723701477 3.54226708412 3.47369813919 0.388951808214 0.356351971626 0.428114950657 0.472378879786
1563144534 25.1921863556 2.64314603806 5.76255941391 0.461958348751 -0.0487844273448 -0.0193008948117 0.485878914595
1563144535 27.8207969666 1.81531512737 9.27186584473 0.504768431187 -0.445824831724 -0.516854465008 0.538706064224
1563144536 29.9942035675 2.87695622444 4.63725757599 0.538410007954 0.0906077325344 0.0750002339482 0.526181519032
1563144537 27.3397846222 1.87532818317 8.65852546692 0.519118666649 -0.395364910364 -0.437781602144 0.530936360359
1563144538 27.154750824 3.18762207031 4.48167228699 0.518588721752 0.192631423473 0.193432569504 0.493459910154
1563144539 27.3931312561 2.89931178093 5.15231275558 0.531922340393 0.0752504020929 0.0722533017397 0.50919687748
1563144540 26.2258415222 2.41085386276 5.85699987411 0.466159790754 -0.0941096246243 -0.0890231877565 0.493757396936
1563144541 29.10688591 2.10357046127 8.53623867035 0.559312403202 -0.338695049286 -0.376452475786 0.55100941658
1563144542 29.7452602386 3.72206544876 4.1106762886 0.528673529625 0.308398097754 0.324000120163 0.524937391281
1563144543 26.1123981476 3.37435793877 3.72145462036 0.467888534069 0.291412323713 0.309853196144 0.468951940536
1563144544 25.4696388245 2.38346457481 5.58498477936 0.44797629118 -0.0839227214456 -0.0735214799643 0.479257762432
1563144545 28.8572597504 2.81010937691 6.0020813942 0.546217918396 -0.00508178537712 -0.0333126969635 0.526851058006
1563144546 29.740852356 3.63080883026 4.2432103157 0.450498133898 0.364431887865 0.400440841913 0.487170428038
1563144547 26.3689041138 3.50420022011 3.7228012085 0.47532710433 0.325117796659 0.342079281807 0.47426751256
1563144548 27.4867763519 3.21736955643 3.92473196983 0.48796710372 0.21941165626 0.23337584734 0.494250625372
1563144549 28.478471756 1.76724219322 7.85684394836 0.463054269552 -0.384452521801 -0.479011774063 0.537381052971
1563144550 26.9462890625 1.80828845501 9.01019859314 0.492884457111 -0.426998645067 -0.493957877159 0.523496568203
1563144551 30.2970848083 2.11138796806 6.20998382568 0.511061310768 -0.254407674074 -0.317938566208 0.553786039352
1563144552 32.1918830872 2.24986100197 7.72811841965 0.570635437965 -0.26994240284 -0.317784965038 0.580387949944
1563144553 28.4275493622 3.48959302902 4.08910036087 0.473314285278 0.291391611099 0.314032673836 0.49601534009
1563144554 25.5951881409 3.4151391983 3.54495406151 0.451371371746 0.301385313272 0.331949293613 0.470172762871
1563144555 30.382982254 3.68371534348 4.37697982788 0.534654557705 0.240667596459 0.269436568022 0.556679189205
1563144556 29.0196590424 1.81865131855 9.55517673492 0.496258050203 -0.467134177685 -0.558540761471 0.561810970306
1563144557 26.3030281067 3.60221195221 3.36096143723 0.414565861225 0.360151231289 0.41545265913 0.474753409624
1563144558 26.3277587891 2.64344501495 5.27054262161 0.478616029024 0.0523016676307 0.0602467954159 0.473718822002
1563144559 26.9225769043 3.6248486042 3.05701947212 0.436124265194 0.324135363102 0.380106598139 0.494996637106
1563144560 30.0027580261 3.24084687233 3.77368497849 0.486637681723 0.159402489662 0.164496958256 0.539496839046
1563144561 29.7703018188 2.23420238495 5.68544816971 0.468975245953 -0.199875384569 -0.286906838417 0.548347353935
1563144562 29.4758491516 2.37323355675 6.43223667145 0.500117599964 -0.112166024745 -0.13679921627 0.505706846714
1563144563 28.4525165558 2.82052922249 5.50781106949 0.487966895103 0.0238818209618 0.0407394878566 0.515415132046
1563144564 26.730348587 3.34059143066 4.08194351196 0.50207811594 0.228578686714 0.229168534279 0.497698873281
1563144565 26.3085308075 3.63010287285 3.44204735756 0.368374317884 0.367057323456 0.459209531546 0.481058359146
1563144566 26.3711700439 1.76834225655 8.87295246124 0.484532743692 -0.427115827799 -0.493767619133 0.516914963722
1563144567 24.0784835815 3.38506627083 3.41894412041 0.434810966253 0.307898253202 0.335152029991 0.449723750353
1563144568 22.6573619843 3.36829090118 2.6972796917 0.328144311905 0.323462843895 0.427290022373 0.451708197594
1563144569 27.760389328 2.95993232727 4.82355499268 0.528575539589 0.0852637812495 0.0859124958515 0.520703494549
1563144570 26.8050441742 2.9523255825 5.35069942474 0.459888935089 0.0629428550601 0.102434061468 0.491025954485
1563144571 26.6800899506 3.03336882591 4.97417163849 0.478826344013 0.089301392436 0.120829433203 0.499282032251
1563144572 28.7933311462 2.12660121918 8.58185100555 0.563621938229 -0.349389731884 -0.394623428583 0.547118365765
1563144573 27.8605213165 2.80389046669 5.39217853546 0.467743188143 0.0414537042379 0.0634998008609 0.500113010406
1563144574 25.6511192322 2.67859554291 5.5227637291 0.440796196461 -0.0258985050023 0.0140916034579 0.486820012331
1563144575 26.333688736 3.47815084457 3.06071424484 0.427618771791 0.295872360468 0.347487866879 0.479038447142
1563144576 28.7857017517 2.13066864014 6.79896354675 0.490305602551 -0.209278747439 -0.23562169075 0.51815456152
1563144577 27.6649513245 2.98942613602 3.52811479568 0.457461118698 0.157409638166 0.167355030775 0.495915561914
1563144578 29.0677547455 3.02903366089 5.29753303528 0.485832720995 0.08841509372 0.114299893379 0.519337058067
1563144579 28.3565177917 3.21735072136 4.6728849411 0.529686450958 0.174807071686 0.178739368916 0.512217104435
1563144580 28.4004611969 3.45800447464 3.42388272285 0.472629606724 0.314438730478 0.341490656137 0.498404979706
1563144581 27.7063179016 1.82846856117 9.16768074036 0.515357911587 -0.4462197721 -0.507245659828 0.541148245335
1563144582 25.7108154297 1.74493050575 8.06297588348 0.464502841234 -0.371811687946 -0.43442928791 0.490729033947
1563144583 27.3054046631 3.61636924744 3.55453634262 0.452343970537 0.31982165575 0.363468378782 0.49316996336
1563144584 25.1035404205 2.59732532501 5.85917711258 0.483957231045 -0.0603308826685 -0.0417955443263 0.487941980362
1563144585 27.4544067383 2.40586328506 5.00836706161 0.503250837326 -0.0208504572511 -0.0441649854183 0.490830302238
1563144586 25.1995811462 2.41013813019 6.14059782028 0.516018211842 -0.113501898944 -0.119926176965 0.498764663935
1563144587 28.4180488586 1.78119063377 9.60693645477 0.500174105167 -0.471926957369 -0.547647833824 0.553061068058
1563144588 27.3805541992 3.31455111504 4.245844841 0.490085870028 0.225479066372 0.247230798006 0.496015310287
1563144589 29.26496315 1.97790133953 9.27636623383 0.538405239582 -0.421029537916 -0.48505911231 0.550059735775
1563144590 27.4437046051 1.91556179523 7.40373706818 0.470387279987 -0.320061147213 -0.353880137205 0.51368188858
1563144591 26.7946071625 1.68198251724 9.11667442322 0.479779928923 -0.456004232168 -0.514772951603 0.525359034538
1563144592 27.7577629089 1.79639422894 9.49439811707 0.492274671793 -0.461075931787 -0.536380410194 0.542035341263
1563144593 29.0931072235 3.01633095741 5.32021427155 0.484584361315 0.0875627323985 0.112792082131 0.516613602638
1563144594 27.2856769562 2.85470938683 5.09035253525 0.514022171497 0.0609252080321 0.0425754673779 0.509029567242
1563144595 28.7804756165 1.80784165859 8.47704219818 0.489557534456 -0.402856677771 -0.461815297604 0.535143852234
1563144596 28.1056423187 1.87862193584 7.43079280853 0.491593718529 -0.328949153423 -0.369094610214 0.526926159859
1563144597 30.0057697296 3.49347925186 4.31710338593 0.485710293055 0.258533924818 0.291260898113 0.523657858372
1563144598 30.0305633545 3.173797369 5.78952503204 0.518202841282 0.123512156308 0.129520595074 0.512894332409
1563144599 25.2464981079 2.72050380707 5.48057365417 0.426422089338 -0.0264689456671 0.020977254957 0.481176793575
1563144600 31.3114051819 3.06032586098 4.268491745 0.502319574356 0.110349066556 0.120815709233 0.551336169243
1563144601 29.5429096222 3.57246494293 3.82797241211 0.510033726692 0.324337154627 0.336460769176 0.509349644184
1563144602 26.7279872894 2.77201318741 5.28003549576 0.521654605865 0.0283670444041 0.0269092526287 0.503762662411
1563144603 29.8818569183 3.04863977432 4.50822019577 0.546164512634 0.140168577433 0.132029175758 0.532058954239
1563144604 25.7307510376 3.31256890297 3.72162413597 0.427279025316 0.273279458284 0.317671269178 0.465311795473
1563144605 30.7475147247 3.77483105659 4.07348155975 0.528627097607 0.271754324436 0.306289643049 0.557671070099
1563144606 30.6907539368 2.04461693764 5.95213985443 0.457246929407 -0.270416349173 -0.379031717777 0.558488249779
1563144607 29.9180965424 3.27889537811 4.60273218155 0.534694075584 0.163508623838 0.168759644032 0.536280751228
1563144608 26.2952480316 3.30452823639 3.43214583397 0.456291913986 0.310406595469 0.323933452368 0.45658621192
1563144609 27.9314079285 1.7854591608 9.45702838898 0.48922765255 -0.466096222401 -0.54883313179 0.547744750977
1563144610 32.0486946106 2.04324841499 5.37578821182 0.489317923784 -0.238743856549 -0.34133464098 0.579211652279
1563144611 24.9564743042 2.42149138451 6.39895391464 0.511153697968 -0.134320318699 -0.136927485466 0.495962828398
1563144612 30.944606781 2.46560668945 5.52354621887 0.53503370285 -0.0835306420922 -0.130314826965 0.550488889217
1563144613 28.1587619781 3.21133232117 4.67112255096 0.51428592205 0.192561820149 0.202733933926 0.501327335835
1563144614 29.7135715485 3.2308485508 4.54301071167 0.495108485222 0.2534468472 0.251224130392 0.483743429184
1563144615 27.2233867645 3.58066821098 3.50759077072 0.452036172152 0.339848875999 0.376965016127 0.486518144608
1563144616 30.417137146 2.26875305176 7.19164705276 0.527558147907 -0.19907578826 -0.231330692768 0.536652266979
1563144617 28.9252128601 2.61784791946 5.4710817337 0.506649792194 -0.0780464112759 -0.116489678621 0.538783967495
1563144618 27.232711792 1.80923366547 9.2452507019 0.497555404902 -0.44394338131 -0.513706326485 0.53210067749
1563144619 28.8848323822 3.19179940224 4.88521766663 0.497568309307 0.194843575358 0.202488213778 0.497190505266
1563144620 26.0649299622 1.88264536858 7.15131807327 0.451359629631 -0.306412547827 -0.333359569311 0.494629383087
1563144621 26.102148056 2.8804192543 4.59857654572 0.480809390545 0.124408632517 0.135744094849 0.476470857859
1563144622 23.7629909515 3.507771492 2.91345763206 0.389943659306 0.351561456919 0.41771993041 0.461614489555
1563144623 26.8168640137 3.10106348991 3.82563138008 0.47260671854 0.209589987993 0.222723662853 0.478952139616
1563144624 26.117816925 3.60146784782 3.31557893753 0.391390651464 0.351565778255 0.43091493845 0.481973707676
1563144625 29.6124210358 2.9809243679 4.6212553978 0.55331414938 0.112672030926 0.0982476323843 0.533176600933
1563144626 33.3288192749 2.00629258156 6.54433298111 0.525537490845 -0.313770145178 -0.395982116461 0.58850467205
1563144627 25.3827114105 2.33008217812 6.00142145157 0.481202632189 -0.0899234563112 -0.0869561806321 0.474502205849
1563144628 31.8619995117 2.54586386681 4.27230358124 0.507828712463 -0.0699837505817 -0.126666247845 0.573559999466
1563144629 28.8384037018 2.82487607002 5.78539896011 0.5200496912 0.0150553490967 0.0212859883904 0.524158775806
1563144630 24.2907047272 3.48174548149 3.0323240757 0.364437997341 0.360411375761 0.4341622293 0.4573995471
1563144631 27.9994087219 1.6784337759 8.6347284317 0.467104226351 -0.430185765028 -0.5247656703 0.536417603493
1563144632 31.0529403687 2.67210507393 5.10210704803 0.538499712944 -0.0458629690111 -0.0855106115341 0.56349915266
1563144633 28.9834022522 1.80545318127 9.77742099762 0.495104432106 -0.488206654787 -0.587964832783 0.567416667938
1563144634 27.4832229614 2.84387207031 5.26653909683 0.454701572657 0.0503562390804 0.0830211564898 0.499338656664
1563144635 28.7125377655 1.74211966991 9.13626384735 0.484083384275 -0.451725423336 -0.545908272266 0.553875148296
1563144636 27.3981742859 2.75615882874 5.61722564697 0.497696965933 0.0132418088615 0.0227849036455 0.505706191063
1563144637 27.8579330444 2.82086038589 5.76804447174 0.497526466846 0.0372388511896 0.036789663136 0.495347976685
1563144638 28.3544902802 2.0849070549 7.63042831421 0.510518908501 -0.289529591799 -0.337451159954 0.535560786724
1563144639 32.8573532104 2.33966159821 5.98033761978 0.54269438982 -0.178764045238 -0.224241316319 0.580585181713
1563144640 32.3045196533 2.83029317856 5.1705365181 0.558781087399 -0.0181073974818 -0.0475986748934 0.580999433994
1563144641 27.4163970947 1.77834236622 9.13826370239 0.491102546453 -0.444314330816 -0.516807496548 0.533560574055
1563144642 25.7324905396 3.48915481567 3.46909976006 0.363725066185 0.346992790699 0.432095170021 0.465310156345
1563144643 28.2731246948 1.97924304008 7.68796539307 0.498653382063 -0.321404695511 -0.378337740898 0.536311328411
1563144644 26.8004188538 3.46441721916 2.91784596443 0.445900797844 0.281742572784 0.321854442358 0.494668513536
1563144645 31.5127620697 3.29559898376 4.45570659637 0.556732773781 0.138722449541 0.137555211782 0.571302235126
1563144646 26.609249115 2.65718197823 5.41416597366 0.450629711151 -0.00609449809417 0.0162624418736 0.490183085203
1563144647 29.8175125122 2.41967654228 6.75613021851 0.544813513756 -0.128403037786 -0.155921667814 0.547451138496
1563144648 31.6358528137 2.78058576584 6.03877544403 0.565762996674 -0.0423071980476 -0.0620791167021 0.563280701637
1563144649 28.4754390717 3.17727947235 5.58257341385 0.523489177227 0.140823528171 0.138458281755 0.492466747761
1563144650 30.9526042938 1.87593364716 9.67649078369 0.530235409737 -0.474275320768 -0.565208554268 0.583164155483
1563144651 30.5494022369 1.89366352558 9.65599727631 0.530885756016 -0.462520301342 -0.542172193527 0.575397074223
1563144652 23.9740314484 3.63889598846 2.74758172035 0.381419032812 0.36787328124 0.449124604464 0.473223477602
1563144653 26.6140975952 3.47350811958 3.21752667427 0.450980693102 0.370692700148 0.387341469526 0.463585495949
1563144654 30.1326885223 2.6685833931 5.70300102234 0.494777709246 0.0104862023145 0.00501453503966 0.511132121086
1563144655 29.5980396271 3.58250069618 4.25016355515 0.507902443409 0.277079284191 0.300146192312 0.518508315086
1563144656 25.9931354523 3.59293532372 3.35205578804 0.367304027081 0.357991278172 0.448317170143 0.476713597775
1563144657 29.6506881714 2.57401275635 6.37212848663 0.540913701057 -0.0708295628428 -0.0926550924778 0.542531609535
1563144658 26.7236022949 3.58546352386 3.76252436638 0.407497376204 0.354254931211 0.404145926237 0.464381247759
1563144659 30.0599155426 1.85229301453 9.92544269562 0.518818795681 -0.49265947938 -0.58598202467 0.580806553364
1563144660 28.2461528778 1.92447865009 8.04957962036 0.49755179882 -0.34585827589 -0.413320451975 0.527456879616
1563144661 32.5139884949 2.85728311539 5.40364599228 0.569855153561 -0.022254627198 -0.0549632534385 0.583877503872
1563144662 27.7205696106 1.89747810364 8.78793239594 0.512993276119 -0.3984131217 -0.452730625868 0.532498836517
1563144663 28.6507511139 2.74298119545 5.49377012253 0.52275031805 -0.022138575092 -0.0250372923911 0.531799614429
1563144664 27.6625442505 3.48489642143 4.00391197205 0.516797780991 0.265733480453 0.266310632229 0.509463906288
1563144665 33.7448806763 1.73171460629 5.31417942047 0.395024806261 -0.313809245825 -0.51723831892 0.595925867558
1563144666 26.1932220459 2.2800257206 6.3272986412 0.487466514111 -0.155257925391 -0.164566516876 0.499158412218
1563144667 32.2695007324 1.84903097153 5.7956161499 0.46617230773 -0.319164246321 -0.429844081402 0.572222471237
1563144668 27.3380146027 2.63580465317 5.94163560867 0.531271100044 -0.0468013174832 -0.0537947230041 0.519698262215
1563144669 26.2396183014 2.48286747932 6.09625005722 0.518220067024 -0.0890132710338 -0.0946057513356 0.508960664272
1563144670 27.8140258789 3.29343891144 3.60853338242 0.500796556473 0.222366601229 0.233473628759 0.508308649063
1563144671 28.7664337158 2.60748815536 6.60504579544 0.555464267731 -0.086133889854 -0.121801100671 0.527411818504
1563144672 29.1409378052 1.88106191158 8.99481487274 0.519805967808 -0.411890417337 -0.471606910229 0.544778823853
1563144673 29.9428787231 2.84530234337 4.88074922562 0.503286898136 -0.00803965143859 -0.0110646579415 0.545184075832
1563144674 26.5570316315 3.83975934982 3.32080292702 0.419663786888 0.383945554495 0.452480435371 0.497975468636
1563144675 26.166765213 1.66960036755 9.07595157623 0.460436195135 -0.454018473625 -0.532456696033 0.520965754986
1563144676 24.376455307 3.52672243118 3.06605625153 0.418178200722 0.356233656406 0.398889899254 0.460616111755
1563144677 27.8126621246 1.97059798241 7.86150121689 0.521399259567 -0.325732022524 -0.3646235466 0.531274080276
1563144678 29.8984165192 2.11704421043 7.3651676178 0.519127845764 -0.250468790531 -0.284833669662 0.538963973522
1563144679 32.4817466736 1.86589539051 5.2348947525 0.423334628344 -0.273927092552 -0.436726391315 0.581028401852
1563144680 31.4787750244 1.9677246809 5.49627399445 0.45339897275 -0.239878997207 -0.353361129761 0.561743021011
1563144681 26.2682037354 2.49203085899 5.43218374252 0.447993516922 -0.0436280071735 -0.0296244099736 0.486646533012
1563144682 28.4482650757 1.97587144375 8.71584892273 0.538739144802 -0.397253066301 -0.453682601452 0.543539583683
1563144683 31.3554420471 2.68171834946 4.87066173553 0.508717656136 -0.0515239089727 -0.113552898169 0.568600893021
1563144684 26.6191062927 3.09945559502 4.06458854675 0.47796228528 0.182784348726 0.204031467438 0.491922914982
1563144685 28.3596801758 1.71887075901 8.3559589386 0.467277854681 -0.404232293367 -0.500081717968 0.531851828098
1563144686 28.1012954712 2.73616838455 5.63791275024 0.525792837143 0.0148450918496 -0.0131320729852 0.507145166397
1563144687 29.111831665 2.83172798157 6.65674161911 0.548284709454 -0.0227895136923 -0.0430039130151 0.518567800522
1563144688 29.1341304779 2.05291700363 8.50322341919 0.555581867695 -0.348804086447 -0.395645737648 0.543918430805
1563144689 25.9578666687 3.25702190399 3.99674677849 0.462222099304 0.237952023745 0.264294654131 0.473435610533
1563144690 27.7620449066 1.84358346462 9.2981710434 0.512812197208 -0.453629255295 -0.520161271095 0.544377565384
1563144691 30.692193985 3.12622904778 4.40796279907 0.533435106277 0.169400855899 0.168316781521 0.533150672913
1563144692 30.8787117004 1.9772683382 7.75998878479 0.517224550247 -0.336829930544 -0.395133912563 0.558904647827
1563144693 28.5590610504 3.25691986084 4.49026155472 0.486622035503 0.183901771903 0.203746348619 0.502828896046
1563144694 27.3402709961 1.71272099018 9.20155620575 0.468387186527 -0.462849289179 -0.553472220898 0.539239108562
1563144695 28.2492961884 2.71533727646 6.52875089645 0.516798436642 -0.0282717309892 -0.0311621911824 0.503149628639
1563144696 31.0673904419 2.74987530708 4.89764785767 0.523111760616 0.0437233448029 0.0169409438968 0.533406257629
1563144697 27.7846488953 3.20216488838 4.31981801987 0.49990272522 0.190649241209 0.201226562262 0.510335683823
1563144698 32.1372795105 2.37952041626 4.6228351593 0.4869351089 -0.106309108436 -0.151503771544 0.568003237247
1563144699 28.8026390076 2.43201160431 5.93218135834 0.530786752701 -0.0837213248014 -0.117167890072 0.526935815811
1563144700 26.9255046844 2.93003797531 5.02897548676 0.52784705162 0.0802592039108 0.0802201554179 0.505388259888
1563144701 29.1849346161 2.21562671661 5.32648849487 0.492204099894 -0.163108155131 -0.220742344856 0.534251570702
1563144702 28.5905323029 3.25131940842 4.93885755539 0.488027364016 0.193264335394 0.212716311216 0.493232905865
1563144703 25.4399623871 3.57648420334 3.23842215538 0.367230296135 0.348240703344 0.440946400166 0.475196123123
1563144704 25.9108009338 2.72055792809 5.71423912048 0.516787350178 -0.0131229199469 -0.0104988925159 0.499980986118
1563144705 31.1053295135 2.47172403336 6.30047273636 0.558674275875 -0.140125289559 -0.189963042736 0.570730984211
1563144706 28.398355484 3.51936578751 3.94157266617 0.450217187405 0.330505520105 0.365526020527 0.484253197908
1563144707 27.1740818024 2.92968463898 4.98619651794 0.491670787334 0.0915367826819 0.0826371461153 0.491544753313
1563144708 27.7761592865 3.02767133713 3.90388417244 0.464711844921 0.118480615318 0.118884645402 0.513431429863
1563144709 30.2898712158 2.62372231483 4.29570102692 0.511151492596 -0.0289527196437 -0.0624791905284 0.556086599827
1563144710 24.8461036682 3.6132619381 3.08185863495 0.357792139053 0.358783125877 0.459401994944 0.476920127869
1563144711 29.0495281219 1.77863872051 6.62103796005 0.438007295132 -0.340617865324 -0.446692764759 0.533900380135
1563144712 29.6387615204 1.75420737267 7.80711650848 0.477587640285 -0.391474246979 -0.483857750893 0.551002621651
1563144713 28.3134880066 3.18904876709 5.10970258713 0.530573427677 0.168076857924 0.161989599466 0.498557507992
1563144714 25.1334991455 3.44329667091 3.28006672859 0.352758705616 0.319080919027 0.419225811958 0.468922913074
1563144715 29.0111045837 2.63353395462 6.07657432556 0.542959094048 -0.0273465141654 -0.0631441101432 0.52105230093
1563144716 24.3740615845 2.48931860924 5.8853802681 0.482527256012 -0.0899657160044 -0.0744492262602 0.482737779617
1563144717 30.0252323151 2.88277125359 5.71495103836 0.554073870182 0.0392625331879 0.0237218458205 0.545558691025
1563144718 30.8856563568 2.51626706123 6.27543640137 0.558017492294 -0.124921455979 -0.16981318593 0.566697180271
1563144719 26.1637973785 2.36830830574 6.47026824951 0.459639012814 -0.142582654953 -0.129027873278 0.488846749067
1563144720 29.5308494568 1.96228730679 7.53658771515 0.491344660521 -0.311722815037 -0.360670864582 0.532173633575
1563144721 29.7102527618 2.5910654068 6.25649118423 0.554163813591 -0.0608602464199 -0.0848352760077 0.53945016861
1563144722 31.5260601044 3.36408090591 4.78342723846 0.504688799381 0.214256465435 0.241643249989 0.538807213306
1563144723 27.5097866058 3.50026750565 3.8644785881 0.395251333714 0.340865969658 0.404518395662 0.468989014626
1563144724 28.993347168 1.88684439659 8.09024238586 0.501329600811 -0.3662353158 -0.417845785618 0.535230636597
1563144725 25.9263019562 2.7726495266 4.61455535889 0.475202143192 0.0830181837082 0.0958295017481 0.481619626284
1563144726 29.1718196869 2.10297393799 8.09958553314 0.552781283855 -0.319781631231 -0.375834643841 0.545532166958
1563144727 25.2484607697 2.68012785912 5.54614686966 0.43337097764 -0.033579852432 0.00958603993058 0.481054157019
1563144728 31.2125549316 2.15256929398 7.51988124847 0.527064681053 -0.273435860872 -0.314922899008 0.557848870754
1563144729 27.089799881 2.95501875877 4.07531738281 0.496804445982 0.164775624871 0.161649256945 0.484250754118
1563144730 28.0623760223 1.85066831112 9.21618175507 0.515004813671 -0.437439769506 -0.501162588596 0.538695752621
1563144731 25.8815536499 3.33976626396 3.36883592606 0.435207426548 0.336593717337 0.356239914894 0.447420954704
1563144732 24.6489753723 3.53698444366 2.65648245811 0.406656771898 0.33699887991 0.393438458443 0.465376019478
1563144733 33.1827011108 3.61378216743 4.82635354996 0.573429048061 0.22882001102 0.23551517725 0.574902057648
1563144734 29.1733150482 3.49047327042 4.52661514282 0.44978415966 0.289293944836 0.329101115465 0.486732780933
1563144735 27.724653244 3.32447004318 3.77578806877 0.480772465467 0.211904346943 0.231073588133 0.509640097618
1563144736 31.5681190491 3.59842896461 4.66801357269 0.47107309103 0.337307959795 0.354038536549 0.489038407803
1563144737 25.4394893646 3.62259912491 3.0217564106 0.431014150381 0.385855942965 0.423459291458 0.468429207802
1563144738 29.0099010468 3.61737418175 4.1646270752 0.454991430044 0.333507716656 0.376245737076 0.496600955725
1563144739 29.555273056 1.8915733099 8.40260887146 0.514028251171 -0.395374387503 -0.450744956732 0.547404170036
1563144740 29.4286346436 2.20803117752 6.98065471649 0.511925280094 -0.190578907728 -0.215678781271 0.522261023521
1563144741 28.5788002014 3.77831983566 3.6896250248 0.482663422823 0.386737644672 0.40913271904 0.49465456605
1563144742 30.7489738464 2.45717382431 5.75768327713 0.53721922636 -0.145207613707 -0.191311597824 0.563586473465
1563144743 31.1177577972 2.11065888405 7.12843370438 0.534865736961 -0.286771506071 -0.348231673241 0.566398143768
1563144744 27.357334137 1.68335127831 8.08437156677 0.479159504175 -0.406904608011 -0.467439413071 0.52270424366
1563144745 27.916021347 2.9866809845 4.8557715416 0.527808666229 0.093449793756 0.0968299135566 0.520581007004
1563144746 30.2048683167 1.87069666386 7.56266403198 0.482276201248 -0.355115920305 -0.452892184258 0.55403649807
1563144747 30.2425174713 3.20234251022 4.60895061493 0.49205198884 0.1958116889 0.213630020618 0.516054391861
1563144748 28.0596828461 2.05887126923 7.54629230499 0.500586390495 -0.292919903994 -0.341355055571 0.531867682934
1563144749 25.7968215942 2.33770060539 6.14181613922 0.454881608486 -0.131886422634 -0.117102138698 0.486252844334
1563144750 29.1114692688 2.0489821434 7.73930358887 0.517633855343 -0.305680245161 -0.359613865614 0.545602798462
1563144751 29.2871227264 2.9664413929 5.22047185898 0.538928985596 0.100782483816 0.088863030076 0.52309268713
1563144752 32.0777320862 2.75638413429 5.18734264374 0.55445432663 -0.0410149134696 -0.0787145420909 0.579270303249
1563144753 28.6537055969 3.15698194504 4.94554185867 0.535997509956 0.144552007318 0.145753741264 0.51739346981
1563144754 25.3338317871 3.61421895027 2.75717353821 0.407847642899 0.335608154535 0.398314118385 0.482245832682
1563144755 30.6767749786 2.20136523247 6.94761276245 0.533774971962 -0.256824940443 -0.314412862062 0.558613657951
1563144756 28.8929862976 2.99725270271 5.51363325119 0.516860544682 0.106246814132 0.109129078686 0.508036017418
1563144757 27.8048992157 2.20129919052 7.63640880585 0.526181399822 -0.240994140506 -0.275344133377 0.517851173878
1563144758 29.3298816681 2.94618320465 6.39324522018 0.57076895237 0.0200982894748 -0.00645820051432 0.523166596889
1563144759 28.3693828583 3.59843230247 4.32946586609 0.518315434456 0.293535411358 0.302325695753 0.496296465397
1563144760 30.5402946472 3.12609529495 4.93649101257 0.558825790882 0.126721158624 0.11701630801 0.543685138226
1563144761 27.911113739 1.87016987801 7.75505971909 0.489283889532 -0.346265465021 -0.408760607243 0.526888012886
1563144762 31.5042057037 3.22878646851 4.82714700699 0.574209988117 0.109751872718 0.106694683433 0.573335587978
1563144763 31.0529785156 3.22034549713 3.72101259232 0.506581604481 0.209876611829 0.221297234297 0.546644926071
1563144764 27.4587039948 1.7001708746 9.37996578217 0.477874070406 -0.473972350359 -0.556230068207 0.544834554195
1563144765 26.2204399109 1.63607227802 8.94347572327 0.453762471676 -0.454451024532 -0.529468417168 0.520286202431
1563144766 29.8595161438 3.6950366497 3.8689596653 0.528292059898 0.274469077587 0.302201658487 0.548271298409
1563144767 30.3719120026 2.18806362152 6.6692070961 0.534635603428 -0.262396782637 -0.315292567015 0.561913847923
1563144768 26.9404468536 2.38148069382 6.40165662766 0.524002850056 -0.130963012576 -0.144123405218 0.515967905521
1563144769 31.8974094391 3.92217993736 4.51250123978 0.515539884567 0.321921646595 0.359320104122 0.549492835999
1563144770 31.7781200409 2.43679046631 6.87620353699 0.545267283916 -0.139215454459 -0.161954045296 0.557877957821
1563144771 32.0948486328 3.40341043472 4.97955656052 0.501284480095 0.271973282099 0.276534706354 0.502965867519
1563144772 27.7620296478 3.54810762405 3.55997061729 0.43641808629 0.375965207815 0.404571115971 0.466174811125
1563144773 27.6313247681 2.58106994629 6.56459665298 0.511423647404 -0.0780981406569 -0.0922218337655 0.501351058483
1563144774 26.3494777679 3.27118563652 3.65544390678 0.452378243208 0.247719407082 0.281593948603 0.48169285059
1563144775 31.1879367828 3.21873950958 4.39814662933 0.554690301418 0.13334608078 0.12743923068 0.56843483448
1563144776 26.2613182068 1.78224515915 7.77375173569 0.4531878829 -0.364029973745 -0.402805745602 0.501542627811
1563144777 31.0407123566 2.09474539757 7.94445800781 0.545165300369 -0.314869850874 -0.362765580416 0.565757453442
1563144778 30.3172721863 2.24908947945 6.77553987503 0.54562163353 -0.230413347483 -0.275103926659 0.558709263802
1563144779 26.6004219055 1.69844853878 9.28483104706 0.469105750322 -0.465048760176 -0.544678032398 0.531610071659
1563144780 24.9240760803 2.28570818901 5.91242074966 0.438888072968 -0.129973843694 -0.119822733104 0.475666463375
1563144781 29.4634571075 2.43121337891 5.83759260178 0.521762311459 -0.102065354586 -0.160508006811 0.540238618851
1563144782 27.498922348 2.50123500824 4.91196203232 0.486066758633 0.00201162742451 -0.0117521584034 0.484241485596
1563144783 27.6929759979 1.97282540798 8.7072019577 0.528870284557 -0.387551605701 -0.439019143581 0.530659556389
1563144784 26.6639499664 3.5755712986 3.5455300808 0.405160605907 0.341450840235 0.408109009266 0.478697985411
1563144785 27.7489776611 3.78371620178 3.51978969574 0.461727827787 0.377215027809 0.416419357061 0.495868712664
1563144786 27.282491684 1.72723019123 9.45802116394 0.482644915581 -0.475136131048 -0.544596731663 0.539255201817
1563144787 27.6986579895 2.80786776543 5.62107992172 0.484694421291 0.0369276218116 0.0405920781195 0.496116936207
1563144788 30.8909111023 2.15999817848 7.96315193176 0.553695499897 -0.29918935895 -0.338035225868 0.562545716763
1563144789 28.7577819824 3.30061197281 4.41459465027 0.512322843075 0.195262476802 0.208806931973 0.517822682858
1563144790 28.176618576 2.92052221298 5.10950946808 0.519860208035 0.0766282454133 0.0759356096387 0.523967683315
1563144791 25.3124904633 1.58096802235 8.09433460236 0.451558113098 -0.406700462103 -0.459470927715 0.493787527084
1563144792 25.9015026093 2.28639316559 5.7615852356 0.508421242237 -0.124165520072 -0.144768744707 0.499212950468
1563144793 28.7404212952 2.92627573013 5.52340841293 0.555520653725 0.0481484159827 0.0404392145574 0.530868887901
1563144794 27.0337104797 3.68768167496 3.48158288002 0.380450665951 0.358528494835 0.45215845108 0.491772741079
1563144795 30.8031425476 3.06732344627 5.13152980804 0.529387295246 0.129129245877 0.136258006096 0.538854300976
1563144796 25.6462612152 3.52278208733 3.32298970222 0.378012686968 0.363098531961 0.434244573116 0.466216593981
1563144797 29.2263259888 2.17878055573 5.68416213989 0.495297253132 -0.16308157146 -0.211296021938 0.53294467926
1563144798 27.9870758057 1.99379384518 8.29601287842 0.532233178616 -0.350779831409 -0.392792135477 0.536797106266
1563144799 21.9905147552 3.16074967384 2.69686031342 0.317546367645 0.310024857521 0.405424058437 0.431221216917
1563144800 27.3443527222 3.39171171188 3.48825097084 0.475691467524 0.318370491266 0.324041962624 0.469594240189
1563144801 31.0572452545 3.46947097778 4.82091474533 0.552475690842 0.203688949347 0.209230959415 0.553593158722
1563144802 26.5538902283 1.80592310429 9.3059797287 0.499247997999 -0.454149782658 -0.509006440639 0.532132506371
1563144803 27.1231040955 3.58406376839 3.84052252769 0.47003018856 0.302718043327 0.334842830896 0.488919764757
1563144804 33.8643531799 2.49310803413 4.65249633789 0.516233921051 -0.0937454253435 -0.148215532303 0.594190061092
1563144805 28.5482330322 3.74547410011 3.83673596382 0.472251921892 0.34435158968 0.380400449038 0.50027346611
1563144806 24.8735389709 3.31471657753 3.04630708694 0.413687378168 0.333901077509 0.357460081577 0.436472982168
1563144807 28.8372955322 3.72512245178 3.85877394676 0.498168647289 0.293164223433 0.328351616859 0.526034533978
1563144808 27.5466537476 2.92339134216 5.6898560524 0.481610268354 0.0426850914955 0.0748819261789 0.501418173313
1563144809 25.2868862152 3.36589074135 3.73801112175 0.429316878319 0.267251819372 0.315132528543 0.465742766857
1563144810 24.490404129 3.33390808105 3.04082846642 0.390617221594 0.336869508028 0.385802328587 0.44455909729
1563144811 31.5584774017 3.27911186218 4.73265743256 0.573928058147 0.114343419671 0.112543009222 0.579461991787
1563144812 27.288312912 2.06764698029 7.39772605896 0.518630027771 -0.262591898441 -0.300931632519 0.517810106277
1563144813 31.1602210999 3.49696421623 4.66021156311 0.489967346191 0.313825815916 0.321066528559 0.489479988813
1563144814 27.0840816498 3.39210724831 4.11569452286 0.483010739088 0.275259822607 0.29647693038 0.484976530075
1563144815 28.8724212646 3.15241909027 4.05747699738 0.491555511951 0.2490208745 0.250318586826 0.484355330467
1563144816 28.6373939514 3.03217434883 5.21741199493 0.507741868496 0.123514413834 0.128025144339 0.505093455315
1563144817 28.1858921051 3.01600408554 4.86908912659 0.538211107254 0.0974964797497 0.0959514826536 0.52510035038
1563144818 29.4990463257 2.08527827263 7.89962053299 0.544412732124 -0.30336278677 -0.353481739759 0.54731631279
1563144819 30.6390323639 1.96318757534 5.03013181686 0.480100750923 -0.214320108294 -0.291820138693 0.550631523132
1563144820 28.5065860748 3.27757668495 4.17903661728 0.506563544273 0.191219061613 0.206405580044 0.521574795246
1563144821 29.2921257019 3.55801606178 3.91007590294 0.451733112335 0.319184243679 0.361647307873 0.50018209219
1563144822 30.2092342377 3.10671710968 5.19142150879 0.544813871384 0.080343529582 0.0847731977701 0.553349733353
1563144823 30.5174655914 2.32488274574 6.71503543854 0.54921245575 -0.18996617198 -0.243172496557 0.558753967285
1563144824 26.3917713165 2.61323714256 5.62149190903 0.49028018117 0.0118726864457 0.0175640843809 0.482241988182
1563144825 33.007976532 2.59836316109 5.60436105728 0.555411875248 -0.111266084015 -0.163610965014 0.587516367435
1563144826 28.4213809967 3.57174134254 4.02366447449 0.500562787056 0.307946115732 0.325409322977 0.49936568737
1563144827 26.149471283 3.57888293266 3.42761397362 0.384673327208 0.363586932421 0.438358008862 0.473069667816
1563144828 28.4060096741 1.73222136497 9.3619222641 0.470641344786 -0.471500456333 -0.578170835972 0.557330727577
1563144829 28.7551803589 3.08671879768 5.11898136139 0.48584240675 0.115252248943 0.145014792681 0.515288829803
1563144830 26.1761741638 1.99710488319 6.96301031113 0.469338655472 -0.263314753771 -0.274387389421 0.497658073902
1563144831 31.3447914124 3.41683721542 4.39264202118 0.566637158394 0.161809951067 0.164859205484 0.57282936573
1563144832 30.1579704285 2.95825481415 5.60870361328 0.544342637062 0.0618792697787 0.0553126819432 0.544431388378
1563144833 28.0693244934 3.80596280098 3.63176703453 0.457957714796 0.375588148832 0.420789390802 0.499658465385
1563144834 33.4903678894 1.6799223423 5.64279842377 0.385357141495 -0.329684972763 -0.536919236183 0.59006935358
1563144835 25.4203033447 2.47717928886 5.81556892395 0.449300140142 -0.0776214301586 -0.0567191690207 0.480580002069
1563144836 29.6218986511 3.18073511124 4.77516078949 0.534053146839 0.113943241537 0.121590770781 0.544580280781
1563144837 26.5334262848 1.70084667206 9.43897151947 0.467275679111 -0.475038796663 -0.549703836441 0.530792236328
1563144838 32.1220970154 2.41251754761 6.56613397598 0.562835097313 -0.182781904936 -0.230448335409 0.580652058125
1563144839 32.4136886597 2.32895207405 6.71096324921 0.55713301897 -0.216266781092 -0.28132712841 0.586286246777
1563144840 27.2288093567 1.91435992718 7.51845312119 0.482649207115 -0.297009050846 -0.320767402649 0.496205091476
1563144841 33.3450546265 1.89550089836 5.34057474136 0.430960118771 -0.281550675631 -0.450736224651 0.593737304211
1563144842 28.2271957397 1.92849850655 7.93907260895 0.517514586449 -0.331458836794 -0.385248541832 0.527299642563
1563144843 29.8625144958 2.80264854431 3.87425851822 0.489778459072 0.066001355648 0.0538553670049 0.52768599987
1563144844 28.0986366272 3.59390592575 3.95994186401 0.465259283781 0.335272312164 0.360817790031 0.485451638699
1563144845 26.5053100586 3.45512270927 3.37555718422 0.415793508291 0.354402959347 0.389401495457 0.453891217709
1563144846 28.5051898956 2.36484742165 7.36433982849 0.52732026577 -0.182179585099 -0.210765510798 0.518684864044
1563144847 33.4526557922 2.64116954803 6.51981163025 0.584781706333 -0.121652826667 -0.168718189001 0.596543967724
1563144848 25.1752185822 3.3149292469 3.20227146149 0.402894318104 0.350741714239 0.378338247538 0.432494729757
1563144849 29.6397075653 2.38490343094 7.02907419205 0.541491031647 -0.183613061905 -0.220388740301 0.552762567997
1563144850 25.8151702881 2.55611014366 5.68127202988 0.483825236559 -0.041985720396 -0.032476849854 0.492282599211
1563144851 29.0369911194 3.29570388794 4.53054428101 0.466427564621 0.269042670727 0.287406980991 0.477383255959
1563144852 30.7390518188 2.86901116371 4.55859327316 0.502773225307 0.0261325705796 0.00545321684331 0.555603742599
1563144853 28.7391033173 2.37722039223 6.53612136841 0.52838653326 -0.135527431965 -0.161333560944 0.535187900066
1563144854 28.8976039886 2.99713468552 3.64524507523 0.492963939905 0.120156116784 0.115667313337 0.529484629631
1563144855 25.7210445404 1.74322712421 8.17313194275 0.474023252726 -0.378440290689 -0.437828719616 0.493820250034
1563144856 28.9199752808 1.82521474361 7.46798849106 0.503807663918 -0.343782424927 -0.398664355278 0.537609875202
1563144857 29.4044685364 2.05917048454 7.24043560028 0.501549422741 -0.266997277737 -0.30367732048 0.529657900333
1563144858 26.1635665894 1.74306404591 8.69492816925 0.476236522198 -0.421573877335 -0.490206241608 0.513795852661
1563144859 27.8299407959 3.12821507454 4.54323291779 0.514850735664 0.150562465191 0.159247219563 0.509509384632
1563144860 25.7605018616 3.62169122696 3.08124375343 0.398401319981 0.361554741859 0.431727439165 0.481676161289
1563144861 29.7196216583 1.84453308582 7.71482372284 0.486581325531 -0.367958188057 -0.458352386951 0.55048853159
1563144862 24.7761306763 3.42656874657 3.29207277298 0.411790043116 0.307951569557 0.36122033 0.462102144957
1563144863 25.1027183533 3.52434945107 3.07760953903 0.372871309519 0.339957386255 0.428513646126 0.475550830364
1563144864 26.3018093109 2.71354866028 5.38754463196 0.43822479248 0.00466801319271 0.0444212071598 0.486268490553
1563144865 25.6723022461 2.83051753044 5.34442090988 0.428751945496 0.021763773635 0.074588380754 0.482428640127
1563144866 25.657119751 2.85710000992 5.32800960541 0.447304278612 0.0338204093277 0.0769657045603 0.48264414072
1563144867 27.166097641 1.76479673386 9.23907375336 0.490965217352 -0.457843750715 -0.534665644169 0.539451956749
1563144868 28.2681484222 3.66468071938 3.83132624626 0.483519494534 0.317627638578 0.349234372377 0.503814339638
1563144869 30.6604728699 3.12463641167 5.90453004837 0.547297537327 0.105783224106 0.0998081788421 0.53106379509
1563144870 26.8904895782 1.63125276566 8.56235027313 0.459746867418 -0.423875123262 -0.503245174885 0.52043402195
1563144871 26.7098674774 2.63269948959 5.25570249557 0.5085952878 0.00643534446135 0.00462147220969 0.50063431263
1563144872 24.4142074585 2.24362611771 6.31130504608 0.494537323713 -0.175298839808 -0.182860195637 0.489007055759
1563144873 25.7469425201 3.48646998405 3.45293331146 0.367752730846 0.334243267775 0.42032250762 0.467753052711
1563144874 26.1508293152 3.20422387123 4.18634128571 0.478366106749 0.211285546422 0.22907307744 0.476992607117
1563144875 26.556476593 3.37318658829 3.36154508591 0.458031356335 0.286890387535 0.305813610554 0.467278689146
1563144876 26.7427654266 2.30438542366 6.2092218399 0.500807642937 -0.145920738578 -0.155661314726 0.511553227901
1563144877 29.9584465027 2.634349823 4.28692817688 0.511381149292 0.0005197157152 -0.0359274372458 0.541053533554
1563144878 27.7233352661 2.82149124146 5.01306819916 0.528334379196 0.0786102637649 0.0743822604418 0.508378207684
1563144879 25.973859787 2.66255378723 5.8330039978 0.524159908295 -0.0335696227849 -0.0359970852733 0.504096031189
1563144880 29.6659412384 2.09690976143 7.24975061417 0.516833126545 -0.258019268513 -0.29481869936 0.534430325031
1563144881 25.7080402374 3.56024479866 3.1526081562 0.425775408745 0.344723463058 0.398900985718 0.481515258551
1563144882 30.1523113251 2.60521936417 4.97887611389 0.486156076193 -0.0657241940498 -0.123086191714 0.551211059093
1563144883 29.919090271 3.29666900635 4.59921550751 0.543999373913 0.20144033432 0.198555260897 0.525888681412
1563144884 25.3509597778 3.49474096298 2.97153925896 0.435899555683 0.317230463028 0.354062139988 0.46729362011
1563144885 29.1306419373 3.22685670853 3.92691159248 0.505996763706 0.207685336471 0.211467117071 0.515695869923
1563144886 29.5233669281 1.78681743145 9.6450176239 0.518858551979 -0.48199814558 -0.561111867428 0.568392395973
1563144887 27.487203598 2.81482124329 5.40052556992 0.486923366785 0.0370661988854 0.0521504245698 0.504158437252
1563144888 26.3676872253 3.37694907188 3.63853788376 0.399241417646 0.341176390648 0.381462752819 0.445091694593
1563144889 29.7135372162 3.58773374557 4.01770305634 0.475269734859 0.305665642023 0.347224444151 0.518888175488
1563144890 25.9572467804 3.42227721214 3.77619433403 0.456079006195 0.281090676785 0.313729524612 0.473129689693
1563144891 28.2717323303 3.10545325279 3.53825831413 0.476723611355 0.16125933826 0.177283525467 0.511391341686
1563144892 27.9330062866 1.75474047661 9.22247314453 0.49547958374 -0.451577842236 -0.52372020483 0.541568279266
1563144893 24.8771934509 1.60537183285 8.87086582184 0.434071451426 -0.45385608077 -0.530676007271 0.504263877869
1563144894 29.0875110626 2.80759859085 6.45063734055 0.51856136322 -0.0123027488589 -0.0145111344755 0.513848543167
1563144895 27.4186992645 2.34936761856 5.1482591629 0.487350970507 -0.067051269114 -0.0822055265307 0.494705677032
1563144896 28.2902183533 2.97877931595 5.09754896164 0.536329567432 0.0938576981425 0.0905680060387 0.515450179577
1563144897 27.1636276245 1.95863807201 8.51615333557 0.531901359558 -0.369207799435 -0.41279694438 0.525276780128
1563144898 22.049861908 3.41161155701 2.77021741867 0.386592537165 0.335870623589 0.38344347477 0.436662495136
1563144899 30.3028640747 2.39067029953 6.16512823105 0.541268885136 -0.175724431872 -0.220662176609 0.558145284653
1563144900 31.4196815491 3.66246056557 4.43009996414 0.540295124054 0.263906240463 0.279677629471 0.548385560513
1563144901 25.6112861633 2.48423409462 6.2288069725 0.522366404533 -0.100872091949 -0.106519803405 0.500395834446
1563144902 29.4442882538 3.07339096069 5.35847854614 0.506975829601 0.139607831836 0.148571163416 0.501921594143
1563144903 27.6129055023 1.86695253849 8.11321163177 0.495222866535 -0.359248489141 -0.427276492119 0.517388045788
1563144904 25.4309329987 3.08079123497 3.77992415428 0.471662431955 0.227750107646 0.237656801939 0.464319914579
1563144905 27.5542545319 3.31824207306 3.98241591454 0.478150159121 0.249863937497 0.274128913879 0.490919500589
1563144906 30.6124382019 2.37493848801 4.01469326019 0.472694605589 -0.0846647024155 -0.140577167273 0.552234590054
1563144907 26.3420619965 3.58716034889 3.51022839546 0.375008821487 0.349290341139 0.438107669353 0.479657769203
1563144908 28.5791378021 2.97580361366 5.16289567947 0.539866805077 0.0864979699254 0.0662391632795 0.520910084248
1563144909 28.6966991425 2.26922821999 6.76702833176 0.499647378922 -0.161600619555 -0.180244237185 0.503623366356
1563144910 26.999174118 1.79462051392 9.45127868652 0.508118093014 -0.468733131886 -0.524463832378 0.5417958498
1563144911 25.0085716248 3.41437149048 3.33890080452 0.425637811422 0.326556503773 0.363985657692 0.460345387459
1563144912 26.0035057068 2.03952169418 6.80639362335 0.464861512184 -0.243781328201 -0.250052154064 0.492964088917
1563144913 27.6859111786 1.7473140955 9.63870334625 0.494319975376 -0.485541582108 -0.560618579388 0.549126327038
1563144914 26.7764320374 3.36850547791 3.47115635872 0.478249132633 0.317958831787 0.325563848019 0.471967250109
1563144915 27.1979236603 3.54006886482 3.78761553764 0.453485846519 0.289042651653 0.328413486481 0.485801696777
1563144916 30.8875408173 2.69831800461 5.68130540848 0.557225883007 -0.0679574012756 -0.0975021496415 0.562467873096
1563144917 30.868303299 3.14972162247 5.38888502121 0.554808974266 0.1090869084 0.110202379525 0.558312833309
1563144918 27.2053775787 3.37506818771 4.38392686844 0.480631440878 0.248821094632 0.266330122948 0.47633638978
1563144919 26.8935661316 3.48650860786 3.00860524178 0.448961406946 0.305368125439 0.348357826471 0.490972518921
1563144920 30.2411384583 2.26489520073 4.69336557388 0.494761288166 -0.132915884256 -0.189669460058 0.547392487526
1563144921 30.2309761047 2.73036646843 5.77502346039 0.552651703358 -0.0212339181453 -0.044521972537 0.54056596756
1563144922 32.1200752258 3.40548563004 4.34637355804 0.55984634161 0.17012424767 0.171618252993 0.577907383442
1563144923 29.5033035278 2.79549121857 6.28959941864 0.556029736996 -0.0173570550978 -0.0499952882528 0.530375003815
1563144924 25.9606075287 2.71743226051 5.59256267548 0.518807590008 -0.00370832206681 -0.00257504638284 0.501829087734
1563144925 26.6435260773 3.48878741264 3.58045339584 0.402833372355 0.349984109402 0.403324157 0.463476121426
1563144926 30.1144771576 2.43460941315 6.03547048569 0.545828044415 -0.160125106573 -0.202003866434 0.56078094244
1563144927 26.9787998199 3.49816513062 3.59559464455 0.412245959044 0.331980466843 0.384315907955 0.472124040127
1563144928 25.0735855103 3.33163452148 2.85294389725 0.410551995039 0.292213469744 0.342164725065 0.461993098259
1563144929 31.5857582092 2.15043401718 4.99534606934 0.461009562016 -0.192612752318 -0.307544052601 0.572881758213
1563144930 29.8784198761 3.43178582191 4.53673028946 0.465841799974 0.296512782574 0.320974498987 0.486782670021
1563144931 30.1444854736 1.84184277058 8.1909828186 0.510867774487 -0.40041616559 -0.473825603724 0.561621248722
1563144932 29.2074394226 2.26566505432 7.20895195007 0.550523161888 -0.214276149869 -0.246932983398 0.550417363644
1563144933 27.794878006 3.6481025219 3.63005757332 0.424108177423 0.359663188457 0.417038977146 0.488507121801
1563144934 31.6564369202 2.67673158646 5.52718782425 0.560388743877 -0.0771360844374 -0.114496089518 0.578920841217
1563144935 27.4567718506 3.4913315773 3.63486170769 0.422365784645 0.330763876438 0.377770543098 0.475502759218
1563144936 25.2087955475 3.51085686684 3.18650817871 0.359934568405 0.344129234552 0.437650740147 0.471134036779
1563144937 28.4442844391 3.10545635223 4.92702007294 0.513380467892 0.162150502205 0.159410536289 0.500031650066
1563144938 26.643995285 3.531468153 3.7177836895 0.417562067509 0.327431231737 0.383713126183 0.472860515118
1563144939 30.6607189178 3.8333261013 3.96444201469 0.530244112015 0.294108659029 0.32669916749 0.55559450388
1563144940 31.5869026184 2.3375222683 6.2462477684 0.552767932415 -0.190049558878 -0.239301800728 0.574840545654
1563144941 30.5966644287 3.16844367981 4.88470363617 0.554580748081 0.0962251797318 0.0991124436259 0.562930107117
1563144942 29.3650856018 2.3452899456 5.80710601807 0.484622329473 -0.188188329339 -0.257332712412 0.547449171543
1563144943 26.6046390533 1.79426729679 9.30137634277 0.492769569159 -0.458453923464 -0.522249102592 0.535204291344
1563144944 25.7047863007 2.37077760696 6.4797077179 0.458581268787 -0.149220496416 -0.133417516947 0.486853122711
1563144945 26.5158195496 2.40624713898 6.12584018707 0.490018188953 -0.106864213943 -0.10780826956 0.502945423126
1563144946 30.0922203064 2.09855556488 5.14019918442 0.459607958794 -0.202427238226 -0.293431669474 0.549538552761
1563144947 27.7941627502 3.59586834908 3.89275121689 0.479168653488 0.320653259754 0.351417213678 0.49566629529
1563144948 23.6490077972 3.49225759506 2.76861596107 0.392744034529 0.370871752501 0.416909039021 0.443573057652
1563144949 23.9817066193 3.51258850098 2.90271496773 0.343676447868 0.350605398417 0.450764209032 0.466274857521
1563144950 29.095085144 2.88186883926 4.71367120743 0.485814720392 0.116728879511 0.121039532125 0.506927669048
1563144951 28.058057785 3.62417173386 3.81304550171 0.445480614901 0.363631516695 0.39800465107 0.479980945587
1563144952 25.6877593994 2.77215051651 5.55383443832 0.450700461864 -0.00553468102589 0.0326088629663 0.485314667225
1563144953 28.9759902954 1.95442068577 8.59885692596 0.532961726189 -0.384570389986 -0.446962177753 0.541567504406
1563144954 32.0653381348 3.10396575928 5.11975193024 0.578065156937 0.0688862651587 0.0580952316523 0.576828181744
1563144955 27.617811203 3.60126972198 3.80358099937 0.484349876642 0.353997886181 0.36450240016 0.478983253241
1563144956 31.4261169434 2.71230840683 4.72704935074 0.517250359058 -0.00121344858781 -0.0113228447735 0.556077837944
1563144957 28.7878780365 1.83427453041 8.67634487152 0.515650510788 -0.394268035889 -0.44291844964 0.536521673203
1563144958 25.756401062 1.5936845541 8.38021850586 0.440272837877 -0.430094569921 -0.504517376423 0.507403194904
1563144959 27.4256649017 1.82264268398 9.28399181366 0.509083747864 -0.458239793777 -0.524482667446 0.54243016243
1563144960 31.8582458496 3.73448872566 4.28057384491 0.557064831257 0.267531514168 0.284296184778 0.567000329494
1563144961 28.12931633 1.78540694714 9.25576591492 0.51333707571 -0.440285027027 -0.498406648636 0.538449823856
1563144962 26.0691947937 2.50901508331 6.32512521744 0.492661356926 -0.115463383496 -0.104022853076 0.502547621727
1563144963 25.3356838226 3.65322089195 3.12308931351 0.404864549637 0.364686340094 0.433902442455 0.481371253729
1563144964 29.1972923279 1.76639270782 8.00753307343 0.495866298676 -0.369839757681 -0.446235477924 0.538091182709
1563144965 24.8054428101 3.50850009918 3.10728287697 0.34977927804 0.340935111046 0.441730171442 0.469779312611
1563144966 25.6698436737 2.91151404381 5.21323060989 0.455734610558 0.0474358610809 0.089059010148 0.486258268356
1563144967 30.5936450958 1.93042433262 7.34827899933 0.506544828415 -0.343682765961 -0.423892050982 0.560582339764
1563144968 27.8895530701 3.7819416523 3.68690562248 0.440564483404 0.363571763039 0.423634678125 0.504844129086
1563144969 31.338886261 3.11107563972 5.0973110199 0.571375191212 0.0684084743261 0.061219856143 0.56869250536
1563144970 28.3774032593 2.45176029205 5.43184041977 0.50537520647 -0.0325608961284 -0.0517653934658 0.511845886707
1563144971 28.4728507996 3.45041322708 3.72523236275 0.468337208033 0.343714654446 0.356927871704 0.473566055298
1563144972 27.5218372345 1.90789377689 8.47168827057 0.51004499197 -0.371715694666 -0.429598927498 0.518253862858
1563144973 28.8535385132 3.24393296242 4.93571853638 0.490587890148 0.204466506839 0.21943756938 0.493556976318
1563144974 29.7564716339 2.30636310577 4.35385465622 0.48463639617 -0.101787082851 -0.151016414165 0.539520561695
1563144975 28.0260791779 1.8560179472 9.19152736664 0.520242571831 -0.441995412111 -0.50016862154 0.546766102314
1563144976 31.3785743713 2.51313138008 6.31685352325 0.563487112522 -0.131244361401 -0.178505301476 0.57459294796
1563144977 29.56665802 2.55455541611 5.93356895447 0.484021306038 -0.0401739403605 -0.0489096790552 0.504463195801
1563144978 27.0676803589 2.71024847031 5.59668540955 0.458180636168 -0.00596779165789 0.01581723243 0.494111269712
1563144979 26.9055614471 1.84800636768 7.78811979294 0.487700015306 -0.337147891521 -0.398420155048 0.502562999725
1563144980 28.5503692627 1.96226418018 7.61072206497 0.514833688736 -0.310628652573 -0.363936364651 0.535976529121
1563144981 30.2974052429 2.03112077713 7.89611673355 0.527422130108 -0.313668012619 -0.357968628407 0.547568500042
1563144982 30.1914634705 3.70967149734 4.19704771042 0.519551932812 0.302874356508 0.321608304977 0.525707542896
1563144983 29.2937030792 3.06942558289 5.460272789 0.523042500019 0.128245830536 0.124726831913 0.512090682983
1563144984 30.7632331848 3.12210774422 5.04875469208 0.572889745235 0.104894980788 0.0935343801975 0.554738461971
1563144985 26.2517967224 3.41726827621 3.35401701927 0.453872472048 0.343575000763 0.361991554499 0.462620735168
1563144986 27.0029888153 1.95544445515 7.25335025787 0.466814637184 -0.299841612577 -0.326115041971 0.507837355137
1563144987 28.2525272369 3.07644844055 4.83043527603 0.488639712334 0.192860618234 0.200122117996 0.481202870607
1563144988 27.9438152313 2.69440078735 5.72517824173 0.534499228001 -0.00702006136999 -0.0124307218939 0.523737728596
1563144989 27.3628692627 3.66456890106 3.32167172432 0.455511450768 0.361388713121 0.397250920534 0.491282880306
1563144990 30.6878013611 1.92873895168 5.03275346756 0.459335803986 -0.22629737854 -0.330378383398 0.552025318146
1563144991 31.6173801422 2.20786833763 7.58295726776 0.553718030453 -0.26436650753 -0.304783433676 0.569418847561
1563144992 30.0605373383 2.38606905937 5.37277507782 0.484227478504 -0.147985577583 -0.220957517624 0.550262391567
1563144993 26.9212837219 3.49335932732 3.77449655533 0.383721023798 0.347691476345 0.414614379406 0.463463574648
1563144994 29.4665031433 1.95048320293 7.3021531105 0.508527994156 -0.309855997562 -0.375186294317 0.542817175388
1563144995 25.2636070251 3.67718291283 3.08462166786 0.391283661127 0.374708235264 0.451885610819 0.483980774879
1563144996 27.0204582214 1.71126508713 9.04063224792 0.466478914022 -0.44361576438 -0.526407063007 0.52912658453
1563144997 27.0499191284 3.92382025719 3.09608721733 0.460534065962 0.415743559599 0.454892247915 0.503498613834
1563144998 30.2240180969 2.27086305618 7.31640720367 0.536923527718 -0.201415330172 -0.231911212206 0.54370290041
1563144999 30.1536064148 3.34922456741 4.66198730469 0.563571274281 0.199361845851 0.194114625454 0.537499964237
1563145000 29.8013687134 3.20475745201 4.5004696846 0.487115859985 0.199490532279 0.22422504425 0.515858948231
1563145001 29.664440155 2.90560102463 4.07762956619 0.505239605904 0.0744052156806 0.0804354697466 0.539011955261
1563145002 24.2441425323 3.45678329468 3.05432963371 0.336818575859 0.336409687996 0.440823823214 0.46247074008
1563145003 25.0736064911 3.39207196236 2.85668873787 0.39987128973 0.300051569939 0.359380096197 0.46172913909
1563145004 29.1393089294 3.21320390701 4.31484889984 0.523486673832 0.187616348267 0.190017461777 0.522347867489
1563145005 27.3333892822 2.889128685 4.78364133835 0.50776720047 0.113206237555 0.116346649826 0.496248483658
1563145006 30.69165802 2.20363116264 7.26153707504 0.552886486053 -0.249687969685 -0.296514153481 0.562253654003
1563145007 24.7835960388 3.46081280708 3.04943180084 0.388587594032 0.322440087795 0.389884024858 0.464139908552
1563145008 30.9404315948 2.2541911602 6.65535926819 0.54202491045 -0.210386767983 -0.272825747728 0.564216971397
1563145009 32.2375640869 2.53227567673 5.32112026215 0.535955786705 -0.0774356648326 -0.108199626207 0.56332308054
1563145010 25.4769878387 3.50791978836 3.32401847839 0.414126366377 0.341309309006 0.390985906124 0.464677453041
1563145011 32.9031143188 1.96193957329 5.82590866089 0.470606029034 -0.303829967976 -0.411153197289 0.579381525517
1563145012 28.8823890686 1.7841385603 9.57275295258 0.493337154388 -0.472763627768 -0.566874563694 0.560229301453
1563145013 27.8266429901 3.00375008583 5.01055526733 0.527191877365 0.110353752971 0.113183818758 0.510648012161
1563145014 27.3731746674 2.60688018799 5.93362379074 0.525832653046 -0.0531966723502 -0.0580789074302 0.518846213818
1563145015 28.1082191467 1.96102404594 7.30071640015 0.505893528461 -0.288724184036 -0.336723983288 0.529551506042
1563145016 31.9557437897 2.25236678123 6.25384616852 0.534506201744 -0.224175557494 -0.28612446785 0.569099366665
1563145017 26.6845874786 3.59793162346 3.1805896759 0.4758900702 0.351194322109 0.369521141052 0.483543932438
1563145018 28.3291606903 2.9839451313 5.14944410324 0.462906628847 0.089567296207 0.122864298522 0.50646340847
1563145019 32.3705673218 2.07363843918 6.29718351364 0.527852475643 -0.257806569338 -0.322800427675 0.570652663708
1563145020 28.9171924591 3.4887046814 4.28334140778 0.485901683569 0.311461061239 0.32569116354 0.487812817097
1563145021 32.2523078918 1.91034042835 5.02444696426 0.442048192024 -0.248752295971 -0.386948466301 0.574856579304
1563145022 29.9432277679 3.29360818863 4.79853963852 0.545380711555 0.180452570319 0.182278543711 0.531560659409
1563145023 25.0589885712 2.43592095375 6.10545301437 0.439524322748 -0.114408068359 -0.0885590985417 0.476498484612
1563145024 23.9441738129 3.57224225998 2.97835850716 0.400133758783 0.354559004307 0.414378941059 0.464141339064
1563145025 26.4732551575 3.54813432693 3.43869566917 0.456433981657 0.368780970573 0.383043825626 0.461042612791
1563145026 30.9130249023 3.52133488655 4.52460432053 0.533975124359 0.244657516479 0.259298145771 0.54189735651
1563145027 30.7667980194 2.48810768127 6.23226261139 0.553880751133 -0.165547639132 -0.203223317862 0.56381136179
1563145028 23.9782066345 3.30164170265 2.97004890442 0.379037290812 0.331513434649 0.386937499046 0.440682411194
1563145029 28.0776252747 3.28150725365 4.01353740692 0.449668675661 0.2695761621 0.294912040234 0.475248038769
1563145030 27.7006874084 1.71397030354 9.34932041168 0.479199558496 -0.470418065786 -0.556874871254 0.547481000423
1563145031 27.0441493988 2.38490700722 5.27810764313 0.478203862906 -0.0313553251326 -0.0421680957079 0.472626805305
1563145032 28.0429706573 2.55978322029 6.09504508972 0.549649894238 -0.0756029188633 -0.0901012271643 0.526805102825
1563145033 30.7062339783 3.78907847404 3.91231966019 0.534339606762 0.293811321259 0.323219925165 0.556201934814
1563145034 26.3328933716 3.6209499836 3.50161147118 0.362110614777 0.350125283003 0.452474981546 0.483644664288
1563145035 28.2285137177 2.91501617432 5.40086984634 0.507589519024 0.0906014069915 0.0843394249678 0.501680076122
1563145036 27.8914642334 2.61467123032 6.49422836304 0.523428678513 -0.0530303232372 -0.0603821501136 0.504727423191
1563145037 24.3224830627 3.56946754456 2.99574255943 0.408950656652 0.368821889162 0.415787488222 0.460295468569
1563145038 27.4196434021 1.92289865017 8.950715065 0.502560973167 -0.402431756258 -0.46573638916 0.522879362106
1563145039 27.394701004 2.40058779716 5.09756708145 0.503860414028 -0.0624220147729 -0.0835148915648 0.515599429607
1563145040 31.3928871155 3.59237456322 4.34012794495 0.504563033581 0.271442234516 0.302361696959 0.543801188469
1563145041 26.3899021149 3.52979683876 3.07676291466 0.459730416536 0.341693013906 0.362470418215 0.471849799156
