1563144462 30.404006958 3.10159444809 5.45423650742 0.249215781689 -0.385890990496 -0.398011058569 0.234702378511
1563144463 28.1106357574 2.49909996986 6.02747058868 0.397117674351 0.236787796021 0.282433688641 0.336612552404
1563144464 27.5089607239 2.3740029335 6.85909938812 0.243283569813 0.200740456581 0.153473719954 0.237524524331
1563144465 27.2555904388 3.43234109879 3.77982640266 0.384301066399 -0.474100798368 -0.332736909389 0.240418612957
1563144466 25.2693500519 2.18447685242 4.26277399063 0.159796386957 0.0543297193944 0.0604784488678 0.163329318166
1563144467 27.2235794067 2.93859982491 5.46334171295 0.381189465523 -0.0278289243579 0.0483215004206 0.285887807608
1563144468 29.9534549713 2.7197060585 7.43346834183 0.333117067814 0.143039122224 0.0707680583 0.327119678259
1563144469 28.1270027161 3.39044332504 4.51889944077 0.412545144558 -0.500183522701 -0.352093458176 0.258547395468
1563144470 23.7624835968 2.24260520935 6.34433507919 0.271593958139 0.101981565356 0.0909835845232 0.194117844105
1563144471 29.1560993195 2.38400387764 6.65590047836 0.251378417015 0.340424150229 0.32691603899 0.226018816233
1563144472 26.9257965088 3.4414999485 3.84246397018 0.447776734829 -0.413710653782 -0.226516738534 0.285919964314
1563144473 27.7658195496 3.07632064819 4.6326508522 0.412422895432 -0.176700979471 -0.0322510004044 0.3031077981
1563144474 32.2941703796 3.49900054932 5.50129890442 0.399246692657 -0.498905777931 -0.456569671631 0.348284780979
1563144475 27.205871582 3.05836486816 3.93258881569 0.258415043354 -0.468406438828 -0.432117670774 0.212819382548
1563144476 30.0567207336 2.25716495514 5.93086051941 0.356687247753 0.381570279598 0.399442136288 0.3316603899
1563144477 32.8547019958 3.0968337059 7.39410352707 0.370993852615 -0.14074523747 -0.185937285423 0.37792211771
1563144478 31.2539329529 2.69830322266 4.8959441185 0.36447840929 0.13569419086 0.210833415389 0.365300059319
1563144479 30.3051624298 3.05277633667 5.27243280411 0.239317670465 -0.404805570841 -0.405521243811 0.21916462481
1563144480 26.2256031036 2.22594809532 7.1372127533 0.279445290565 0.293379604816 0.246833056211 0.256766349077
1563144481 29.342590332 2.21167588234 6.97221517563 0.375478863716 0.468306064606 0.441799014807 0.33009493351
1563144482 28.7453746796 2.23585867882 5.09095621109 0.384537100792 0.30133870244 0.301078915596 0.3474393785
1563144483 28.3691940308 2.98293733597 4.02237892151 0.177972316742 -0.426468014717 -0.424831718206 0.17195828259
1563144484 28.8665142059 2.71485304832 4.13489580154 0.099570915103 -0.421886116266 -0.451236307621 0.128122329712
1563144485 29.2271060944 3.28634738922 4.98886823654 0.30463463068 -0.382897347212 -0.322655975819 0.228705614805
1563144486 26.5038547516 2.4768819809 6.27344179153 0.282149910927 0.0709163993597 0.0385336875916 0.245507717133
1563144487 27.3991546631 2.81954669952 4.32637548447 0.499749422073 0.0362942367792 0.0541795417666 0.438531219959
1563144488 25.1199035645 2.80841612816 5.39858961105 0.331374585629 -0.11546202749 -0.0515326485038 0.223593294621
1563144489 26.3008823395 3.07140946388 5.22911930084 0.379768311977 -0.173073872924 -0.0608894862235 0.232125774026
1563144490 29.528635025 2.66616845131 4.63668775558 0.087088227272 -0.231716096401 -0.270774275064 0.120586439967
1563144491 28.3684864044 2.70572137833 5.89891910553 0.196142181754 -0.124574020505 -0.191509619355 0.202019169927
1563144492 31.1230773926 3.12995505333 5.28861474991 0.237701937556 -0.423845380545 -0.443123936653 0.235372334719
1563144493 29.0004024506 3.22722148895 4.85463047028 0.346014976501 -0.456475406885 -0.421938300133 0.30168351531
1563144494 25.1475887299 1.96819531918 7.40210294724 0.48804295063 0.399163544178 0.329585522413 0.363408893347
1563144495 24.5384521484 2.88209915161 5.00163316727 0.401553273201 -0.106112703681 -0.0116918915883 0.269406825304
1563144496 28.7008495331 2.73339104652 6.20283269882 0.270007431507 0.00487678963691 -0.0319975763559 0.247496202588
1563144497 27.0015544891 2.44381690025 6.67524003983 0.235510095954 0.117185607553 0.0385183654726 0.222778573632
1563144498 27.4852905273 2.70991039276 4.85649347305 0.192762389779 -0.103218093514 -0.118143245578 0.192643389106
1563144499 28.9106006622 2.58449935913 6.56664848328 0.234697192907 0.0868262425065 0.0509382933378 0.231713473797
1563144500 25.5751800537 2.82538628578 3.77692604065 0.354773283005 -0.0956849455833 -0.0020023023244 0.306460976601
1563144501 34.4428596497 3.51875090599 5.74841070175 0.295439600945 -0.460561335087 -0.529186785221 0.340279638767
1563144502 26.329076767 3.52371692657 3.42977237701 0.412684977055 -0.489147007465 -0.365345656872 0.286329448223
1563144503 31.5217227936 3.41893362999 5.4130282402 0.399546086788 -0.485228031874 -0.434849709272 0.335573792458
1563144504 33.7677192688 3.44730234146 5.38432788849 0.325706362724 -0.526738584042 -0.539590775967 0.325122833252
1563144505 27.2158145905 2.87441921234 4.10394382477 0.419200241566 -0.0463680848479 0.0342226102948 0.384688228369
1563144506 30.3756542206 3.45751309395 5.36066389084 0.42141443491 -0.474444538355 -0.389223217964 0.329999685287
1563144507 29.9797821045 3.12819433212 6.14566612244 0.336309731007 -0.243866145611 -0.286115407944 0.325467884541
1563144508 27.8644561768 2.76063776016 6.75869989395 0.388322710991 0.0548365451396 -0.0123993577436 0.333557486534
1563144509 29.640619278 2.72065973282 4.31436538696 0.407813727856 0.103288002312 0.17772115767 0.41492831707
1563144510 29.5959949493 2.85436820984 4.52369737625 0.174535661936 -0.482050508261 -0.491889804602 0.175700858235
1563144511 28.4996623993 2.34735393524 6.48349428177 0.370177030563 0.325938463211 0.349283337593 0.318392425776
1563144512 26.5166110992 2.52406096458 4.18722915649 0.304560363293 0.0259244218469 0.0857014879584 0.282953619957
1563144513 32.4600982666 3.24893069267 6.5504283905 0.317450165749 -0.238936215639 -0.313886612654 0.349053382874
1563144514 26.7933235168 2.74252057076 6.21094369888 0.369695484638 0.0852445662022 0.150338083506 0.261873096228
1563144515 27.7360801697 2.79458546638 4.59247922897 0.159939229488 -0.249362170696 -0.283953994513 0.172186493874
1563144516 23.6190109253 3.4023668766 2.87370347977 0.42665708065 -0.495895415545 -0.321560561657 0.248719289899
1563144517 24.3782577515 2.88176012039 5.64025497437 0.444419920444 -0.0862566381693 0.0205848198384 0.282675534487
1563144518 28.4566192627 2.77796411514 4.21503782272 0.126401931047 -0.406367957592 -0.435029625893 0.148508399725
1563144519 24.3348903656 2.78566837311 3.78466701508 0.258848845959 -0.324335992336 -0.24745850265 0.179974362254
1563144520 26.8819007874 2.45922231674 5.4958114624 0.422698020935 0.190624147654 0.242258131504 0.347131639719
1563144521 25.558839798 2.95836019516 5.1995177269 0.414279341698 -0.0808022469282 0.0106956418604 0.292010217905
1563144522 26.9832115173 2.8381152153 6.40026760101 0.38513314724 -0.0291815586388 -0.0754348933697 0.317046314478
1563144523 26.280834198 2.75114345551 3.93773269653 0.384500145912 -0.0558049939573 0.0131186787039 0.353271067142
1563144524 27.9953765869 3.18375444412 5.45859336853 0.361390292645 -0.263252168894 -0.170733556151 0.246967419982
1563144525 27.4432048798 2.46290397644 7.0943145752 0.302648544312 0.180114969611 0.151329413056 0.257497489452
1563144526 29.467458725 2.79747200012 7.15924072266 0.382369160652 0.0952782407403 0.0179406479001 0.348750352859
1563144527 28.5490512848 2.70200228691 5.48456573486 0.444626271725 0.169752985239 0.242702186108 0.38623380661
1563144528 26.5436878204 3.79521918297 3.34328460693 0.48169875145 -0.53290438652 -0.342462360859 0.289793848991
1563144529 30.3692455292 3.41309428215 5.28317165375 0.410515367985 -0.484022468328 -0.398266881704 0.316941380501
1563144530 27.2679462433 2.39463853836 6.79526138306 0.262911677361 0.1838427037 0.123190000653 0.253889292479
1563144531 35.136680603 2.31727290154 5.62137365341 0.322830617428 0.476889163256 0.543650865555 0.376951575279
1563144532 29.5471572876 3.16793179512 5.99680042267 0.35984992981 -0.217575386167 -0.246653243899 0.326943933964
1563144533 26.4026603699 3.06656289101 5.51662921906 0.399625718594 -0.134633153677 -0.0293381847441 0.246165171266
1563144534 30.6782093048 3.30746531487 5.24894571304 0.368010401726 -0.483270168304 -0.433778107166 0.308318853378
1563144535 26.3593673706 2.23214316368 7.39750432968 0.31741130352 0.297098249197 0.26203340292 0.263321936131
1563144536 26.7929954529 2.95326757431 5.90510368347 0.416964948177 -0.0379115566611 0.0564642436802 0.291000425816
1563144537 36.5235977173 3.75379228592 5.76458454132 0.372792959213 -0.541092097759 -0.579285383224 0.396776586771
1563144538 23.9864749908 3.71379709244 2.59438681602 0.474444508553 -0.514064013958 -0.335423499346 0.291979074478
1563144539 29.9543170929 2.92276978493 6.76190090179 0.340405464172 -0.0375141352415 -0.0996070504189 0.322531193495
1563144540 27.8576507568 2.82383131981 4.23081016541 0.169009566307 -0.199101492763 -0.202447414398 0.177601590753
1563144541 27.945230484 2.70718598366 4.09726381302 0.407416701317 0.0491780675948 0.11755374074 0.405759066343
1563144542 27.2731990814 2.96900129318 4.32639932632 0.284634649754 -0.470692157745 -0.414105683565 0.217908114195
1563144543 27.7271633148 3.1704287529 5.5462603569 0.366802811623 -0.224300771952 -0.12011732161 0.241015419364
1563144544 33.6058578491 3.36056208611 5.25665187836 0.273961246014 -0.501178264618 -0.554757237434 0.312349140644
1563144545 28.8750858307 2.8064904213 6.90465402603 0.370481431484 0.045029707253 -0.0249301791191 0.335753530264
1563144546 24.4648418427 3.03006315231 3.73396277428 0.350197196007 -0.359320402145 -0.208961740136 0.209831297398
1563144547 26.2421340942 3.3005335331 3.44351482391 0.340187549591 -0.480858057737 -0.403603315353 0.25525072217
1563144548 29.2881202698 3.3430018425 5.10423564911 0.359265089035 -0.45823174715 -0.358747810125 0.239267200232
1563144549 28.9192714691 2.74736809731 6.02009820938 0.196281284094 -0.117412105203 -0.194380000234 0.210994526744
1563144550 25.7833213806 3.3784930706 3.64744997025 0.362237155437 -0.419424086809 -0.304767310619 0.237645596266
1563144551 29.2831020355 2.85908842087 6.99043989182 0.372308790684 0.0410334281623 -0.0275707989931 0.338360577822
1563144552 29.917678833 2.50615549088 4.56707811356 0.389313280582 0.193509653211 0.264434605837 0.398856431246
1563144553 29.0413284302 3.04793047905 5.29675197601 0.445298135281 0.0410393029451 0.132444158196 0.376940518618
1563144554 30.5919780731 3.01615476608 5.79670095444 0.214826405048 -0.257719963789 -0.311269640923 0.229242771864
1563144555 27.261100769 2.53335523605 4.30103826523 0.462166547775 0.15107087791 0.145339608192 0.424839526415
1563144556 28.2134342194 2.71156954765 5.57805871964 0.33705663681 -0.00236018537544 0.0744103118777 0.271580845118
1563144557 28.7595233917 3.03583097458 4.33480548859 0.413894057274 -0.0878711864352 0.00414534006268 0.37652528286
1563144558 27.2838554382 2.93180918694 5.24067640305 0.366120100021 -0.156670004129 -0.0475198365748 0.259539037943
1563144559 27.2280330658 2.82138156891 4.1369767189 0.384124159813 -0.105703361332 -0.0318678542972 0.344939172268
1563144560 27.9910774231 2.7578663826 5.12429523468 0.172964051366 -0.278835475445 -0.32708594203 0.184003889561
1563144561 24.6269245148 3.493942976 2.95141339302 0.41678839922 -0.472334980965 -0.335565179586 0.274374097586
1563144562 27.5590610504 2.76312589645 4.74835062027 0.160655274987 -0.327116429806 -0.331594347954 0.143619179726
1563144563 27.8045921326 2.33261084557 7.76938915253 0.281181365252 0.250930100679 0.18381293118 0.258441030979
1563144564 30.5928344727 3.24383425713 4.94267368317 0.298986434937 -0.480615675449 -0.478144824505 0.272221446037
1563144565 26.1403903961 3.81821632385 2.83376741409 0.460053741932 -0.451313227415 -0.385833412409 0.412920713425
1563144566 31.2315177917 3.203343153 5.11388635635 0.301007866859 -0.490011423826 -0.486571580172 0.285878419876
1563144567 28.8815174103 2.60393333435 4.36220502853 0.400738120079 0.12415753305 0.189509943128 0.407232433558
1563144568 28.7260227203 3.24258327484 4.19922065735 0.396947562695 -0.223810464144 -0.0847804546356 0.310937285423
1563144569 28.5096912384 3.38221597672 4.96533727646 0.359102249146 -0.302917003632 -0.191118255258 0.235103696585
1563144570 30.0127677917 2.02958846092 5.61157178879 0.478515625 0.397942066193 0.346598654985 0.409379929304
1563144571 34.4386367798 3.31485295296 5.15279340744 0.190529182553 -0.363945841789 -0.404588937759 0.230974063277
1563144572 29.7811737061 2.28768539429 6.07991218567 0.370589852333 0.360178411007 0.3996347785 0.344764858484
1563144573 29.1882324219 2.90164232254 5.13421773911 0.194825038314 -0.354108899832 -0.378266751766 0.195656150579
1563144574 33.4303016663 3.34310650826 6.4228272438 0.340882778168 -0.357728838921 -0.401746839285 0.353436529636
1563144575 24.0407161713 2.92445421219 3.4432528019 0.358481943607 -0.251037836075 -0.151116520166 0.28174957633
1563144576 22.9856586456 2.87650513649 3.76517343521 0.346820414066 -0.392545968294 -0.265482962132 0.201898336411
1563144577 29.4758014679 3.22768640518 4.05376958847 0.450737953186 -0.128325000405 -0.0597595460713 0.450552344322
1563144578 27.658908844 2.88468742371 4.4100689888 0.230537250638 -0.455050081015 -0.411482691765 0.177706941962
1563144579 29.4406032562 2.97440910339 4.71490430832 0.216834574938 -0.461179286242 -0.448331981897 0.191444203258
1563144580 29.7328262329 2.28473567963 5.92594718933 0.371821224689 0.34328481555 0.384810388088 0.347960740328
1563144581 29.6362857819 2.59541225433 4.44096755981 0.407659351826 0.152299210429 0.221484571695 0.420144170523
1563144582 28.3247814178 2.93586754799 5.95279073715 0.30066972971 -0.0577469319105 -0.0149345174432 0.223214864731
1563144583 31.1668758392 3.10626506805 6.62838077545 0.324958562851 -0.153523251414 -0.227148324251 0.336110651493
1563144584 25.7977142334 3.16796302795 4.67071962357 0.4142177701 -0.446682184935 -0.275215297937 0.239667609334
1563144585 27.4479255676 2.67120409012 7.09115457535 0.379602134228 0.130630835891 0.0581455081701 0.318295031786
1563144586 25.6149349213 2.2851099968 5.10477924347 0.222884267569 0.106995150447 0.14018881321 0.183409765363
1563144587 26.8188514709 2.87618994713 4.65766525269 0.282692670822 -0.379522621632 -0.309596419334 0.197415456176
1563144588 32.654838562 3.46754956245 5.40126943588 0.380407512188 -0.497569084167 -0.484772384167 0.35531938076
1563144589 24.4078998566 2.56884860992 6.15606975555 0.429102122784 0.0222620256245 0.0946667566895 0.2973921597
1563144590 29.6046028137 2.89725780487 4.86208438873 0.184206336737 -0.444127649069 -0.466711193323 0.187058538198
1563144591 31.1325569153 3.49875593185 5.45638895035 0.438628911972 -0.494139015675 -0.393383026123 0.326089650393
1563144592 34.4834480286 3.54961562157 5.86860466003 0.311739385128 -0.453003764153 -0.525090932846 0.354759395123
1563144593 26.9167938232 2.96063041687 3.53199934959 0.454102635384 -0.0234178937972 -0.00733624305576 0.406436920166
1563144594 26.7061805725 3.04182529449 4.61320924759 0.353843808174 -0.464766591787 -0.327024400234 0.207475453615
1563144595 27.5210399628 3.41878414154 3.89989066124 0.415874660015 -0.27733874321 -0.188135176897 0.348300665617
1563144596 25.6465396881 2.25433754921 6.24303436279 0.303710699081 0.264495432377 0.271562516689 0.249663487077
1563144597 29.2600021362 3.1157078743 3.87673521042 0.338885605335 -0.0926824584603 -0.0432266965508 0.300392866135
1563144598 27.579908371 3.30603194237 3.73468399048 0.442847669125 -0.277792781591 -0.164480671287 0.375532627106
1563144599 28.9243488312 3.36694669724 5.08224630356 0.36280220747 -0.388647198677 -0.281451165676 0.243698179722
1563144600 24.3667297363 3.00416898727 4.74797916412 0.376448869705 -0.213889464736 -0.113762997091 0.238541379571
1563144601 26.7190589905 1.92859876156 7.48195314407 0.503416121006 0.481323391199 0.369484037161 0.363359212875
1563144602 23.4511756897 2.95598721504 3.81639885902 0.36000585556 -0.411624848843 -0.275549858809 0.20695130527
1563144603 31.1168880463 3.14436817169 5.08950471878 0.250570416451 -0.476922363043 -0.484671652317 0.243098825216
1563144604 30.0455112457 2.94651865959 5.23144626617 0.176077216864 -0.346465587616 -0.406893968582 0.203685522079
1563144605 29.4840488434 2.32201600075 5.15843582153 0.341032147408 0.344040125608 0.322006553411 0.298123687506
1563144606 29.4911499023 2.30839014053 4.81432914734 0.335991382599 0.270948469639 0.331186652184 0.348511457443
1563144607 30.8492660522 3.05758428574 6.57965087891 0.318373501301 -0.121157214046 -0.188654512167 0.324538528919
1563144608 27.9292888641 3.09810304642 4.6191649437 0.330588400364 -0.469658970833 -0.386495858431 0.240796998143
1563144609 29.0939006805 2.80098724365 5.89349126816 0.199000328779 -0.180288136005 -0.249583020806 0.207713454962
1563144610 27.0369606018 3.0086004734 4.5938372612 0.421545863152 -0.175247356296 -0.0286662653089 0.302147060633
1563144611 26.508014679 3.41518497467 3.64935684204 0.402531206608 -0.492340177298 -0.351756155491 0.256430208683
1563144612 27.408575058 2.9587700367 4.98484802246 0.371987462044 -0.154460817575 -0.0308747198433 0.262759119272
1563144613 25.3915710449 2.66614556313 6.09949159622 0.375860989094 0.0742753818631 0.124734058976 0.270099699497
1563144614 27.7251167297 2.78495645523 6.50407552719 0.303353369236 0.00158999627456 0.0194088052958 0.2249609828
1563144615 29.2456264496 2.77989125252 5.84005022049 0.181326419115 -0.161479443312 -0.227475658059 0.197392269969
1563144616 33.3008422852 3.43018436432 5.46383047104 0.331326544285 -0.494633406401 -0.515642821789 0.330810934305
1563144617 28.3543930054 2.50939893723 7.61989498138 0.307901203632 0.160448282957 0.0906814932823 0.295960307121
1563144618 28.8338603973 2.77173352242 4.12311315536 0.1200883165 -0.454485148191 -0.479851871729 0.14271479845
1563144619 27.7967433929 3.27303647995 4.76423454285 0.390903830528 -0.477759122849 -0.349627137184 0.256622254848
1563144620 29.8662147522 2.95554065704 4.31156349182 0.418285369873 0.0152285443619 0.104908309877 0.39950555563
1563144621 33.8419265747 3.50991773605 5.82119894028 0.324055612087 -0.446016550064 -0.510497629642 0.360513180494
1563144622 29.5884895325 2.81816768646 5.82797956467 0.221116796136 -0.135148897767 -0.153316706419 0.213019728661
1563144623 24.4997177124 3.0042848587 3.62857294083 0.350325763226 -0.397739887238 -0.235843613744 0.194381564856
1563144624 29.5829315186 2.8204665184 4.3759264946 0.127266511321 -0.455386728048 -0.494276106358 0.159555077553
1563144625 27.1217727661 2.19180178642 8.52132320404 0.448146820068 0.445538371801 0.354021608829 0.366536647081
1563144626 27.561662674 3.11270618439 5.31604766846 0.327393472195 -0.206516847014 -0.126236304641 0.210743680596
1563144627 29.5537033081 2.72987699509 7.13400363922 0.344289779663 0.109040170908 0.025865778327 0.332122772932
1563144628 28.7579040527 2.8495953083 6.28550815582 0.267813384533 -0.183761432767 -0.229948818684 0.253685504198
1563144629 29.2384319305 2.68910861015 6.3398270607 0.235320195556 0.00361858122051 -0.0485789813101 0.242116048932
1563144630 23.3800563812 2.77604961395 4.25960826874 0.369414389133 -0.264911055565 -0.111457213759 0.209939643741
1563144631 26.925321579 2.38282036781 6.9882106781 0.246227756143 0.166471734643 0.0981816500425 0.230597555637
1563144632 24.2488384247 1.97657072544 7.25150346756 0.478744745255 0.342245966196 0.294031530619 0.357655674219
1563144633 28.7901382446 2.59441566467 6.46149969101 0.265998214483 0.116418078542 0.0806386172771 0.249419823289
1563144634 24.6369876862 2.46466445923 6.53110647202 0.415017008781 0.172844335437 0.20887362957 0.299529701471
1563144635 26.6274242401 2.41798853874 6.64721012115 0.313191711903 0.243009984493 0.245190113783 0.247338756919
1563144636 30.9092159271 2.90451359749 7.15395307541 0.319437503815 0.0294589661062 -0.0441025048494 0.326991319656
1563144637 23.4633731842 2.1131529808 6.89237928391 0.464549958706 0.217518061399 0.217786103487 0.33510184288
1563144638 31.3242931366 3.14348101616 5.10266494751 0.241761684418 -0.476257443428 -0.490447103977 0.240879923105
1563144639 25.7067165375 3.69512534142 3.20767903328 0.460749208927 -0.518692731857 -0.343729764223 0.281151473522
1563144640 33.3479309082 3.46799445152 5.62032604218 0.300412356853 -0.432522922754 -0.486348092556 0.321461230516
1563144641 24.9798812866 3.00023055077 3.55870056152 0.300011456013 -0.31328651309 -0.251263380051 0.240512490273
1563144642 21.3426818848 2.79693126678 3.57252526283 0.371862888336 -0.370483845472 -0.221162423491 0.204775631428
1563144643 29.3461742401 2.82154321671 5.89292669296 0.196984216571 -0.174561187625 -0.246918201447 0.210850656033
1563144644 30.8990497589 3.06741857529 4.93695354462 0.211447998881 -0.468422174454 -0.481603384018 0.214407205582
1563144645 29.7461967468 2.30445289612 6.89216995239 0.319686412811 0.437701046467 0.402132034302 0.29069647193
1563144646 31.8059005737 3.20280504227 5.1224694252 0.250376105309 -0.49791687727 -0.503237068653 0.244060605764
1563144647 35.4881820679 3.63413929939 5.9639787674 0.337195634842 -0.469980150461 -0.540204286575 0.382574141026
1563144648 24.4015331268 1.98314547539 8.15560722351 0.381007492542 0.49810358882 0.423282235861 0.307808339596
1563144649 26.675453186 2.82762360573 3.64538598061 0.169486880302 -0.420371651649 -0.418176352978 0.164943099022
1563144650 28.0639057159 3.20486116409 3.8230266571 0.436915457249 -0.17139492929 -0.0665774643421 0.392225444317
1563144651 29.8833808899 3.34227895737 5.15685749054 0.381143808365 -0.468425780535 -0.409432023764 0.314244300127
1563144652 27.5342655182 3.06444311142 4.41221189499 0.409574091434 -0.178513735533 -0.0397631116211 0.314552277327
1563144653 29.0578422546 2.88770627975 4.42154932022 0.362129688263 -0.00516687799245 0.0893057435751 0.332335025072
1563144654 25.2942867279 3.35776400566 3.10963392258 0.417257606983 -0.316713631153 -0.230466172099 0.347080409527
1563144655 28.5145530701 2.79113817215 5.87731695175 0.217844605446 -0.175680086017 -0.240917116404 0.215940117836
1563144656 29.9139175415 2.76191544533 7.22583389282 0.342876672745 0.11197001487 0.0280257575214 0.325635641813
1563144657 30.3939189911 2.96675539017 5.45494842529 0.228404328227 -0.167143628001 -0.153150364757 0.210802912712
1563144658 27.724565506 2.74670791626 6.89686965942 0.388278245926 0.0501465760171 -0.0231061838567 0.337114840746
1563144659 28.2859668732 3.36450242996 4.32132577896 0.364932179451 -0.513975143433 -0.392613232136 0.235269874334
1563144660 27.4333133698 2.94568276405 4.49121046066 0.466260313988 -0.0292179398239 -0.00481042079628 0.395576566458
1563144661 24.8641109467 2.58565354347 4.56228637695 0.325525462627 -0.150958508253 -0.0508208349347 0.223781555891
1563144662 29.2131175995 2.85050916672 5.86718845367 0.218593880534 -0.237349539995 -0.27649885416 0.2133179456
1563144663 29.8544635773 2.80276584625 4.84105968475 0.112563200295 -0.342352807522 -0.385879039764 0.135228380561
1563144664 27.6153507233 2.60837197304 5.96788692474 0.245232149959 -0.0367079563439 -0.0610501691699 0.224717617035
1563144665 27.2694969177 3.7874341011 3.34402275085 0.448133766651 -0.535617470741 -0.384083688259 0.300663411617
1563144666 32.1908721924 3.47669124603 5.62663316727 0.340037107468 -0.402546852827 -0.43972080946 0.33899217844
1563144667 29.027513504 2.84709811211 4.38551950455 0.406122386456 0.0346964672208 0.113684862852 0.390360057354
1563144668 28.5808792114 2.75985455513 5.81253862381 0.199444070458 -0.184279441833 -0.240503519773 0.203955098987
1563144669 30.4079437256 3.22340989113 5.52830505371 0.360202789307 -0.424544692039 -0.393421024084 0.303242832422
1563144670 25.5843219757 2.82114076614 4.31191778183 0.240096360445 -0.356327265501 -0.30005633831 0.159948661923
1563144671 28.8673706055 2.81339383125 4.16478013992 0.40273219347 0.0169937238097 0.0895616412163 0.396909981966
1563144672 33.4747276306 3.51945281029 5.50298547745 0.366021871567 -0.515483379364 -0.502943873405 0.336159825325
1563144673 25.5607471466 2.09568572044 7.55137348175 0.306472182274 0.384440690279 0.335762768984 0.263172656298
1563144674 25.0362167358 3.28802990913 2.94192552567 0.43100041151 -0.289289027452 -0.216093465686 0.387518107891
1563144675 27.921245575 2.58754897118 4.25754928589 0.390865027905 0.0817116051912 0.1577834934 0.37266856432
1563144676 31.1656360626 3.12153863907 5.03033542633 0.235598862171 -0.489657580853 -0.490340024233 0.226234346628
1563144677 26.5166797638 2.32458162308 6.85344076157 0.312743544579 0.30440145731 0.297823548317 0.254977673292
1563144678 27.9993801117 2.7440829277 6.94603586197 0.384709358215 0.0655314400792 -0.0109277591109 0.335471004248
1563144679 34.2454719543 3.64399957657 5.49515199661 0.38834053278 -0.533989846706 -0.530561625957 0.367974609137
1563144680 27.3298053741 2.5389547348 6.76181030273 0.279918968678 0.0510262437165 0.00967458449304 0.251072585583
1563144681 30.2273654938 3.32772350311 5.36708211899 0.374489665031 -0.480292886496 -0.394510895014 0.267231315374
1563144682 30.4157829285 2.93352460861 4.66265821457 0.407060921192 0.0133169321343 0.115149870515 0.377499729395
1563144683 25.284784317 2.20907282829 5.20772743225 0.225063979626 0.213706463575 0.231432005763 0.19515940547
1563144684 29.1888160706 3.09308028221 4.72229480743 0.261955946684 -0.479434549809 -0.43148201704 0.200137615204
1563144685 24.7273731232 2.35806727409 5.12858390808 0.26703774929 0.0344532169402 0.0813273712993 0.198278293014
1563144686 26.1609210968 2.55102300644 6.11299753189 0.387438833714 0.171038344502 0.215086132288 0.298132538795
1563144687 27.4798927307 3.23526453972 3.47372198105 0.448798775673 -0.237664818764 -0.124743878841 0.387237131596
1563144688 29.1596088409 3.72491312027 3.26656651497 0.380897521973 -0.371369332075 -0.293245136738 0.325599014759
1563144689 24.5988368988 2.34769582748 4.53666734695 0.293777287006 0.0551717095077 0.113494344056 0.240999251604
1563144690 31.3078689575 3.4065413475 5.4015750885 0.362566769123 -0.419740259647 -0.428371548653 0.337262272835
1563144691 27.1560535431 2.75347304344 3.85203027725 0.147150605917 -0.423040837049 -0.446598321199 0.168181702495
1563144692 27.6910820007 2.93345308304 4.87030649185 0.366039216518 -0.13174854219 -0.0110878292471 0.268984943628
1563144693 27.4550418854 2.56432914734 6.65746927261 0.270646095276 -0.00444041751325 -0.0475334040821 0.246847704053
1563144694 28.2859344482 2.88642477989 3.96128225327 0.419588804245 -0.0236826986074 0.0513173900545 0.404578030109
1563144695 29.3208770752 2.91489672661 4.48097467422 0.398104310036 -0.00825173594058 0.0855566933751 0.375210225582
1563144696 27.7978191376 2.92454218864 3.98411226273 0.422295928001 -0.0739796161652 -0.00120575772598 0.40042924881
1563144697 26.013584137 2.18709158897 7.40608215332 0.319260299206 0.335331082344 0.297859072685 0.268674463034
1563144698 29.3494224548 2.92973566055 5.49614095688 0.19500797987 -0.25520631671 -0.310588359833 0.209220200777
1563144699 30.1479225159 3.48309230804 4.52917289734 0.330372273922 -0.483885705471 -0.405805051327 0.244025036693
1563144700 29.343870163 2.97842669487 5.04997205734 0.224620386958 -0.387712478638 -0.399307787418 0.215133830905
1563144701 32.2504806519 3.46174144745 5.47881269455 0.386544942856 -0.508148133755 -0.46070715785 0.328036338091
1563144702 32.497013092 3.25185608864 5.58484649658 0.238586381078 -0.441177278757 -0.490728020668 0.2529104352
1563144703 26.5323562622 2.52428102493 6.73546171188 0.295173466206 0.0867822319269 0.0399408861995 0.259071201086
1563144704 29.0827922821 2.56181120872 4.3798995018 0.393520534039 0.145777881145 0.217111214995 0.40013307333
1563144705 24.4685668945 3.00869107246 5.01068687439 0.39797437191 -0.18897497654 -0.0877458751202 0.250114649534
1563144706 27.7435493469 2.9934258461 4.33031845093 0.271789163351 -0.473994016647 -0.420437335968 0.212123960257
1563144707 29.6937999725 3.27157521248 5.08071804047 0.365128457546 -0.469900935888 -0.416279882193 0.302226662636
1563144708 24.5617809296 3.52855229378 2.82156324387 0.408203244209 -0.462915986776 -0.347180992365 0.289923220873
1563144709 29.3612098694 3.01279830933 4.35424900055 0.433921277523 -0.0661631971598 0.0559040904045 0.37485408783
1563144710 29.5903625488 2.88387012482 4.8646645546 0.195579841733 -0.444409221411 -0.456657767296 0.189831987023
1563144711 28.4159126282 2.64073824883 7.18037223816 0.372648835182 0.151261374354 0.0640094801784 0.33027869463
1563144712 35.0954170227 3.63268208504 5.92258930206 0.33327460289 -0.466255247593 -0.535992085934 0.374754220247
1563144713 28.0680332184 3.16587638855 3.82200789452 0.395498275757 -0.100087665021 -0.0436740629375 0.333635866642
1563144714 29.1322994232 3.34776186943 3.94692158699 0.443459808826 -0.249676913023 -0.128738552332 0.374965578318
1563144715 31.393196106 2.94065070152 6.71503305435 0.303298532963 -0.0922300815582 -0.145620048046 0.322600364685
1563144716 25.3978977203 3.57776021957 3.51875662804 0.479836940765 -0.517323970795 -0.296936243773 0.255164444447
1563144717 27.2543640137 3.1027610302 5.63970279694 0.390775322914 -0.18263861537 -0.0839914754033 0.262217670679
1563144718 26.0539455414 2.3581507206 4.63404607773 0.285488724709 -0.0247137732804 0.0385381989181 0.233575209975
1563144719 27.5025901794 3.35581111908 3.58958673477 0.315196156502 -0.499152183533 -0.418513178825 0.233563959599
1563144720 29.8279476166 2.45071125031 4.76928138733 0.364159464836 0.21493524313 0.278739184141 0.367129325867
1563144721 31.7817020416 3.42270302773 5.37003993988 0.378785610199 -0.504968941212 -0.449915379286 0.311759710312
1563144722 28.6411209106 2.89056539536 4.09896469116 0.417777359486 -0.0418219454587 0.0584488362074 0.376542627811
1563144723 24.0204181671 3.45161557198 2.95909023285 0.432978272438 -0.489092022181 -0.325104475021 0.263521283865
1563144724 28.650598526 2.90080666542 5.30084085464 0.213214501739 -0.315001010895 -0.349131137133 0.21159479022
1563144725 36.2068328857 3.67519569397 5.74928188324 0.335163116455 -0.525175690651 -0.58679997921 0.37783396244
1563144726 30.6351623535 3.05844783783 5.14777183533 0.227943554521 -0.231657043099 -0.213634684682 0.213485851884
1563144727 32.0157699585 3.14139270782 5.11945438385 0.231899157166 -0.505097985268 -0.514769077301 0.231898635626
1563144728 29.6790180206 3.38314008713 5.17846536636 0.404424011707 -0.46843740344 -0.396666735411 0.320189982653
1563144729 24.5654773712 2.69287633896 4.16037034988 0.2527577281 -0.367112696171 -0.318742960691 0.180630281568
1563144730 26.7513332367 2.52341938019 7.05866336823 0.398309528828 0.180526509881 0.0890202820301 0.317468941212
1563144731 24.7594833374 3.61591100693 3.03485512733 0.46749073267 -0.467570960522 -0.313575237989 0.307655334473
1563144732 31.2781467438 3.0841383934 5.33931779861 0.197426721454 -0.308183252811 -0.315835088491 0.193066552281
1563144733 25.7366600037 2.66507220268 6.03516721725 0.394067466259 0.0948866158724 0.155201867223 0.287735313177
1563144734 29.8227710724 3.06215190887 6.41201400757 0.377441942692 -0.288219451904 -0.297796219587 0.338193267584
1563144735 24.0105438232 3.52417063713 2.61576366425 0.453995049 -0.422347962856 -0.299735873938 0.335507810116
1563144736 26.7833690643 2.59665489197 6.27245998383 0.329012513161 0.140152320266 0.163963884115 0.247785583138
1563144737 28.0602092743 2.78702831268 6.22782802582 0.290977418423 -0.0739494934678 -0.0902254283428 0.253357291222
1563144738 29.3976478577 2.77803206444 7.04611825943 0.351277053356 0.0956729799509 0.0190444793552 0.328113675117
1563144739 26.9516067505 2.46101856232 6.83104515076 0.247029259801 0.0651713013649 -0.0189342256635 0.23764629662
1563144740 29.5050735474 2.86988568306 6.09849691391 0.245455518365 -0.0414674766362 -0.0235557351261 0.20022341609
1563144741 27.668504715 2.70833897591 5.93961858749 0.22591458261 -0.107050865889 -0.153507828712 0.213755995035
1563144742 29.0161266327 2.91434144974 5.27955245972 0.196105837822 -0.291912585497 -0.33345669508 0.198496311903
1563144743 27.5005779266 3.64769935608 3.64915657043 0.436941027641 -0.548365592957 -0.36515301466 0.25398465991
1563144744 29.3363208771 2.75703120232 6.97440433502 0.305992543697 -0.127834975719 -0.183301284909 0.297665596008
1563144745 29.9305171967 2.94614005089 6.69806718826 0.361523091793 -0.0230360366404 -0.0836222171783 0.338474541903
1563144746 26.7343063354 2.80643081665 3.81073951721 0.406579613686 -0.0552656166255 0.00731322169304 0.394974082708
1563144747 27.5561542511 2.87913537025 6.14381074905 0.311262190342 -0.0515362024307 -0.00637670280412 0.219360381365
1563144748 29.4382705688 3.3291425705 4.91646623611 0.363462507725 -0.507084786892 -0.391997247934 0.233092606068
1563144749 35.0836143494 3.50963687897 5.42077159882 0.28770506382 -0.528517663479 -0.583625376225 0.330722004175
1563144750 30.0622348785 3.3624548912 5.17666816711 0.386829614639 -0.484762519598 -0.400942474604 0.293632358313
1563144751 27.4858264923 2.8814265728 4.39144229889 0.488540410995 0.0237198509276 0.0404861420393 0.422562807798
1563144752 29.3120384216 2.81737565994 7.01323652267 0.359293341637 0.0488562397659 -0.023397192359 0.330955803394
1563144753 26.6524124146 2.19642019272 7.30297136307 0.251698732376 0.305993407965 0.248959064484 0.236962780356
1563144754 29.5864887238 2.23487138748 4.65403556824 0.351258218288 0.282155930996 0.34381121397 0.371046841145
1563144755 24.076374054 2.00678133965 7.82645654678 0.368290483952 0.461799740791 0.379424899817 0.294382661581
1563144756 32.7966003418 3.12078094482 5.83027648926 0.207669958472 -0.400267750025 -0.46174800396 0.234644114971
1563144757 23.0066337585 3.38511610031 2.60670566559 0.44608694315 -0.431712538004 -0.278522789478 0.292074352503
1563144758 26.7055130005 3.56822919846 3.59413814545 0.423079133034 -0.524364233017 -0.364265948534 0.259377449751
1563144759 28.0546646118 2.54064393044 6.2863650322 0.372684597969 0.232060298324 0.278588891029 0.305072367191
1563144760 28.6693916321 2.8261885643 4.10144042969 0.411937594414 0.00838436279446 0.0865449160337 0.399247825146
1563144761 31.478931427 2.76102089882 7.73586034775 0.341877579689 0.127869099379 0.0604680776596 0.351389825344
1563144762 35.7114105225 3.7152493 5.63170814514 0.359321653843 -0.538646221161 -0.57578766346 0.377941817045
1563144763 28.0880870819 2.81776189804 6.18822383881 0.282377779484 -0.149982601404 -0.164671286941 0.243587091565
1563144764 25.7280902863 2.07757759094 7.67532396317 0.31734842062 0.464917391539 0.414009690285 0.273332715034
1563144765 29.8920688629 2.86707568169 6.96398162842 0.366543889046 0.0502939783037 -0.0222461670637 0.342789471149
1563144766 28.116809845 2.76948165894 6.73858642578 0.350625813007 0.0263956226408 -0.0406372658908 0.309573709965
1563144767 28.4007167816 2.4892077446 6.19194173813 0.359528124332 0.254082679749 0.29431578517 0.299663096666
1563144768 29.1372337341 3.10467457771 5.9304318428 0.339815557003 -0.250292539597 -0.292182415724 0.321201562881
1563144769 28.7542114258 2.63788509369 6.48832511902 0.271862179041 0.141351774335 0.156257018447 0.2231734097
1563144770 27.8765945435 2.92890357971 4.15479898453 0.230228602886 -0.477863579988 -0.448603659868 0.195328265429
1563144771 25.6183795929 3.04708981514 4.32487106323 0.360765218735 -0.43813085556 -0.310680299997 0.215232878923
1563144772 24.6507835388 2.09745812416 4.90027093887 0.237671554089 0.185466855764 0.219096437097 0.196147143841
1563144773 29.089887619 2.8214097023 6.86692857742 0.362341344357 0.04343521595 -0.0253985226154 0.33556073904
1563144774 26.0893421173 2.11553740501 7.4793381691 0.308280944824 0.424523025751 0.378332078457 0.270975887775
1563144775 26.3731575012 2.15947556496 7.6743183136 0.296335160732 0.309415876865 0.252517104149 0.263272702694
1563144776 31.3046150208 3.38314771652 5.46992206573 0.384577095509 -0.502980053425 -0.424807101488 0.295641690493
1563144777 24.980140686 3.63415908813 3.03825449944 0.464169502258 -0.514964342117 -0.319699108601 0.266204923391
1563144778 30.8566951752 2.92451691628 6.83318042755 0.326602935791 -0.177565664053 -0.227033421397 0.330566108227
1563144779 25.2127761841 2.76505994797 5.72161436081 0.408830225468 -0.0812196955085 0.0170686859637 0.27855271101
1563144780 29.9589176178 2.99974012375 6.46415472031 0.337970733643 -0.119024328887 -0.172152742743 0.327825129032
1563144781 25.7081298828 2.08711004257 8.05624771118 0.342877268791 0.395031362772 0.330235570669 0.291592419147
1563144782 24.9887332916 1.88610887527 4.73674154282 0.2423222363 0.305255591869 0.328342825174 0.227225959301
1563144783 25.6602230072 2.59063053131 3.89205145836 0.384467899799 0.000727104023099 0.0936195254326 0.329863995314
1563144784 25.650844574 3.78873229027 2.83794975281 0.448069751263 -0.501211047173 -0.389330536127 0.348973840475
1563144785 26.7267093658 3.5010638237 3.06977295876 0.464425623417 -0.358185142279 -0.253111928701 0.394241094589
1563144786 27.44672966 2.66994571686 6.10390663147 0.394419193268 0.154171273112 0.216871738434 0.30798637867
1563144787 29.3825740814 2.74603104591 4.73134088516 0.143338739872 -0.428197383881 -0.457439512014 0.161193534732
1563144788 28.2840518951 3.27516150475 5.33459615707 0.380248367786 -0.20432522893 -0.105788737535 0.26015946269
1563144789 28.8864879608 2.63537359238 6.34715461731 0.229219377041 0.0133839501068 -0.0363171733916 0.23434625566
1563144790 27.5494499207 3.14682197571 3.73756456375 0.246021851897 -0.46220728755 -0.424687922001 0.206412211061
1563144791 27.3170146942 2.9560816288 4.02713346481 0.365119457245 -0.179062753916 -0.0950272977352 0.318684786558
1563144792 30.1510009766 3.37289237976 5.11050605774 0.38563734293 -0.487446606159 -0.410432070494 0.296659678221
1563144793 26.9859619141 3.34458470345 4.1300535202 0.362989187241 -0.45537853241 -0.332231283188 0.226628541946
1563144794 26.0483150482 2.11109352112 7.19522476196 0.400881767273 0.420290976763 0.394644141197 0.329105526209
1563144795 27.1130638123 3.09413957596 3.58687663078 0.439979612827 -0.132475584745 -0.0715343132615 0.410442978144
1563144796 28.4331817627 2.89140224457 4.25494384766 0.188820794225 -0.458797067404 -0.45276838541 0.173617437482
1563144797 34.7523231506 3.53456473351 5.80373811722 0.324185669422 -0.473906338215 -0.5229845047 0.352076083422
1563144798 27.4196186066 2.59573841095 6.55586290359 0.272122621536 0.0050416495651 -0.0406375676394 0.248738065362
1563144799 29.5027217865 2.93823194504 5.19203567505 0.190803751349 -0.345416665077 -0.371745914221 0.195264831185
1563144800 31.0150527954 3.12654066086 4.97525882721 0.227164924145 -0.471844047308 -0.479182392359 0.223405227065
1563144801 32.6742324829 3.42702054977 5.47725629807 0.362684428692 -0.473758399487 -0.480297744274 0.347355216742
1563144802 29.8672142029 3.20884442329 5.10002326965 0.344315826893 -0.471197009087 -0.428711473942 0.292111039162
1563144803 28.4897670746 2.61067390442 7.54129981995 0.412615835667 0.21730004251 0.120341494679 0.356025874615
1563144804 26.0200710297 2.26146626472 7.04894971848 0.279686868191 0.275471299887 0.193702280521 0.240105822682
1563144805 29.3918704987 3.12488770485 4.17613792419 0.438238203526 -0.0896744132042 0.0261074379086 0.387114018202
1563144806 29.7380657196 2.86670804024 4.47437429428 0.133371070027 -0.447190463543 -0.484396696091 0.157713502645
1563144807 26.466550827 2.78682851791 4.21161985397 0.192536205053 -0.354476988316 -0.340418219566 0.170388862491
1563144808 29.7755718231 2.7409965992 4.43292045593 0.400942027569 0.0751635730267 0.154781654477 0.381641447544
1563144809 30.065820694 3.37080836296 5.22306013107 0.398388803005 -0.474768549204 -0.399383723736 0.316283404827
1563144810 29.5721626282 3.27723050117 5.05727434158 0.362610042095 -0.50309419632 -0.392888247967 0.243730008602
1563144811 29.1773109436 2.98170185089 5.4364233017 0.255109876394 -0.227252647281 -0.2022921592 0.210842132568
1563144812 27.3773803711 2.62048888206 4.49143457413 0.369120419025 0.0263560786843 0.103718005121 0.335355728865
1563144813 26.4317455292 2.26438164711 7.20137786865 0.281319022179 0.297144949436 0.236679553986 0.250653088093
1563144814 26.3382358551 3.77716088295 3.25897860527 0.476476728916 -0.531655192375 -0.348425507545 0.296328216791
1563144815 29.7618732452 3.07376885414 5.40681791306 0.24286185205 -0.337783545256 -0.32152068615 0.205655112863
1563144816 29.2507629395 2.85211753845 5.81533813477 0.206650301814 -0.217824801803 -0.262602388859 0.207502186298
1563144817 30.2666969299 2.89686441422 4.84433317184 0.167101770639 -0.449411004782 -0.4809217453 0.182795017958
1563144818 24.4311561584 3.49911189079 2.84008979797 0.407832145691 -0.45711606741 -0.344797253609 0.290087252855
1563144819 30.6968078613 3.04987359047 5.54799127579 0.198406890035 -0.266212880611 -0.307356059551 0.213205859065
1563144820 28.528087616 2.58044743538 6.0527586937 0.36738473177 0.214811265469 0.266980290413 0.305210143328
1563144821 35.4944801331 3.68793320656 5.59034442902 0.363893330097 -0.548169612885 -0.565678417683 0.368222951889
1563144822 27.0769100189 3.07402563095 3.48018240929 0.221051156521 -0.440944552422 -0.424761176109 0.208033874631
1563144823 27.9953041077 2.50925803185 6.61478281021 0.259615570307 0.109938792884 0.0677105635405 0.243604362011
1563144824 29.3884067535 2.79036355019 7.04754972458 0.35773140192 0.0901312753558 0.0134069770575 0.331198990345
1563144825 28.9432678223 1.95531475544 4.91079759598 0.447087883949 0.356432706118 0.325529187918 0.411113888025
1563144826 27.6844158173 2.42857432365 5.36986684799 0.169291466475 0.105022393167 0.0836331918836 0.173742622137
1563144827 28.8980712891 3.0180644989 4.43031072617 0.225070714951 -0.464750349522 -0.452341377735 0.203447699547
1563144828 24.7858200073 2.76995706558 4.00780725479 0.244031488895 -0.390012383461 -0.31665968895 0.157296642661
1563144829 26.8036174774 2.17436981201 7.22475671768 0.267369627953 0.369254678488 0.318695396185 0.247473031282
1563144830 35.0512619019 3.55405688286 5.6690030098 0.322454094887 -0.507571101189 -0.568900942802 0.360882014036
1563144831 29.2050857544 2.53882622719 6.43169403076 0.340668737888 0.263683408499 0.299040317535 0.286779612303
1563144832 29.0938949585 3.03269076347 4.14003992081 0.435337007046 -0.0492444559932 0.0494306571782 0.398775815964
1563144833 23.5584506989 2.86898732185 4.27227115631 0.363221883774 -0.394052267075 -0.267690658569 0.215933173895
1563144834 25.3057365417 3.86825585365 2.69318389893 0.476672530174 -0.488863915205 -0.362113535404 0.358033746481
1563144835 25.9700832367 2.81694793701 3.83464384079 0.231839865446 -0.446401268244 -0.414009898901 0.195897147059
1563144836 28.9442749023 3.19895195961 4.86201143265 0.337550222874 -0.451809883118 -0.420538008213 0.2952696383
1563144837 29.2545375824 3.16801905632 5.10661411285 0.340478599072 -0.472330719233 -0.397619217634 0.257236689329
1563144838 28.3121967316 2.96023869514 5.77998161316 0.350988149643 -0.0180914290249 0.0490735657513 0.266347825527
1563144839 26.3023414612 3.67659950256 3.20559430122 0.429096221924 -0.529893875122 -0.382536828518 0.280868947506
1563144840 27.7177810669 3.06347823143 4.33095026016 0.298729240894 -0.482338249683 -0.435435950756 0.239343807101
1563144841 28.7912425995 2.76413917542 6.79186677933 0.358045101166 0.0582936070859 -0.0137010421604 0.327269613743
1563144842 29.3863010406 3.04751014709 5.08035135269 0.24782140553 -0.387767732143 -0.400611162186 0.23852071166
1563144843 28.8390312195 2.5163192749 4.43587589264 0.388331234455 0.156752109528 0.223092868924 0.392928242683
1563144844 27.9153423309 3.29679274559 4.97435283661 0.417900443077 -0.481886714697 -0.317833423615 0.246336176991
1563144845 28.1644992828 2.6899869442 7.20849704742 0.38108253479 0.141719758511 0.0692188888788 0.334301203489
1563144846 27.2426128387 2.62577271461 7.14448308945 0.41615909338 0.135289683938 0.050412569195 0.345235168934
1563144847 29.4306907654 2.94808530807 6.46462011337 0.33000099659 -0.1017671749 -0.149495691061 0.311913847923
1563144848 28.7975521088 1.95596182346 7.12932300568 0.502876281738 0.530008614063 0.395891487598 0.353424191475
1563144849 28.8141021729 2.78376960754 6.18795585632 0.240459233522 -0.176171913743 -0.220318466425 0.231840610504
1563144850 27.9225273132 2.60177755356 6.57071018219 0.25458407402 -0.0169775858521 -0.0677354559302 0.239275574684
1563144851 28.7439880371 2.52868700027 6.61392068863 0.225246280432 0.118880584836 0.0758027285337 0.227902650833
1563144852 29.4646854401 3.06176233292 5.65183210373 0.259360194206 -0.25523647666 -0.270401537418 0.232248783112
1563144853 28.5482444763 3.07049560547 5.88473987579 0.328210711479 -0.186506167054 -0.122001387179 0.238110944629
1563144854 29.6626605988 2.94975376129 4.63931894302 0.197760909796 -0.471862256527 -0.479345321655 0.192571654916
1563144855 23.2436161041 3.42302823067 2.69544672966 0.459906160831 -0.444231301546 -0.273563683033 0.283443510532
1563144856 30.5764923096 2.99946117401 4.88868141174 0.203404173255 -0.4874394238 -0.498945832253 0.198767408729
1563144857 26.9479312897 2.39290809631 4.4233174324 0.121195279062 -0.0133016193286 -0.0265848487616 0.142248079181
1563144858 28.8434352875 2.61350750923 4.30905818939 0.3962495327 0.113623820245 0.191800117493 0.387215733528
1563144859 23.9885864258 3.5275592804 3.00064373016 0.475129961967 -0.48469543457 -0.292020350695 0.279659420252
1563144860 35.0822868347 3.45966720581 5.6579823494 0.286867201328 -0.520559430122 -0.561576366425 0.312135100365
1563144861 29.8068733215 2.99325037003 5.36241531372 0.250551998615 -0.195480257273 -0.166743963957 0.21202391386
1563144862 26.4532222748 2.42648124695 6.97915124893 0.288281679153 0.16262075305 0.0913193374872 0.252707183361
1563144863 28.7070026398 2.65306568146 6.05832481384 0.213194638491 -0.000444801989943 -0.0154529856518 0.178968384862
1563144864 29.0208377838 2.90803742409 4.82104492188 0.249553799629 -0.479652345181 -0.440230458975 0.200467199087
1563144865 30.2765884399 2.46933150291 4.83204269409 0.336112082005 0.239641025662 0.309885829687 0.349571824074
1563144866 24.861284256 3.61843490601 2.99313426018 0.457460582256 -0.522087216377 -0.332889944315 0.264504820108
1563144867 30.9457263947 3.0630645752 4.66399049759 0.419249236584 -0.0262751579285 0.091563552618 0.375655889511
1563144868 25.1802711487 2.91567349434 3.66508102417 0.294409990311 -0.262258559465 -0.186061963439 0.237241730094
1563144869 31.6942749023 3.16722512245 5.12218427658 0.245372205973 -0.496364176273 -0.502420186996 0.240339308977
1563144870 27.955034256 3.26539540291 3.63972687721 0.456112265587 -0.215278223157 -0.114056579769 0.401948451996
1563144871 23.3638057709 3.05214691162 3.18059873581 0.383845925331 -0.335897803307 -0.201098412275 0.26330730319
1563144872 26.9345531464 2.94599056244 5.61921215057 0.320923686028 -0.103352248669 -0.0535431839526 0.222967922688
1563144873 32.3340682983 3.34921622276 5.53901100159 0.347929775715 -0.473685592413 -0.46646386385 0.31824362278
1563144874 23.6787319183 3.586145401 2.62743210793 0.461566329002 -0.499174237251 -0.314125180244 0.271568268538
1563144875 29.864566803 2.49691319466 4.86418581009 0.368042945862 0.190922737122 0.259329050779 0.36861115694
1563144876 27.660238266 2.98790836334 5.9060382843 0.334872961044 -0.0792031362653 -0.0255322940648 0.235423758626
1563144877 28.8181838989 2.84237980843 4.18396711349 0.140551418066 -0.435059189796 -0.455209285021 0.15738736093
1563144878 34.3519096375 3.64528560638 5.56007146835 0.389642179012 -0.53549093008 -0.523465752602 0.364447653294
1563144879 29.0788116455 3.00149822235 5.65746212006 0.266166210175 -0.331338375807 -0.347365111113 0.241755649447
1563144880 30.1653137207 2.83960127831 4.72206878662 0.406126320362 0.0565895065665 0.14866541326 0.39105117321
1563144881 28.4553508759 2.49856352806 6.35475540161 0.355172276497 0.25693538785 0.293606102467 0.296397089958
1563144882 34.7847938538 3.61158204079 5.51841592789 0.360320150852 -0.540899097919 -0.545871138573 0.354025006294
1563144883 29.3503799438 2.86706233025 4.76595020294 0.160474449396 -0.405380308628 -0.433974027634 0.170228987932
1563144884 29.106842041 2.81555843353 5.70654201508 0.208360612392 -0.187278077006 -0.213639333844 0.200547292829
1563144885 29.0643196106 2.78934073448 4.30245447159 0.148724496365 -0.474757939577 -0.488030582666 0.155371531844
1563144886 35.3435096741 3.62841963768 5.91553258896 0.324169397354 -0.473594933748 -0.545866906643 0.368787765503
1563144887 30.309129715 2.83641791344 7.25196886063 0.3273178339 0.0690744295716 -0.0030919983983 0.327447980642
1563144888 32.3303756714 3.08489966393 6.34581136703 0.22437441349 -0.25365459919 -0.341580837965 0.267328828573
1563144889 25.0272903442 2.10237526894 7.4682559967 0.341850399971 0.395676881075 0.314791470766 0.277580887079
1563144890 28.9997825623 2.57478690147 4.55069875717 0.373103141785 0.0969134792686 0.168506577611 0.360221326351
1563144891 23.3183727264 3.29619169235 2.71259784698 0.40643286705 -0.39071470499 -0.300734072924 0.328781932592
1563144892 27.8002338409 3.02020692825 5.90334272385 0.343127012253 -0.103541061282 -0.0333087705076 0.236098244786
1563144893 31.2608261108 2.56425046921 6.26929950714 0.253999143839 0.231892287731 0.195280969143 0.25338101387
1563144894 28.7493438721 2.71468043327 6.40374708176 0.24400614202 -0.00038445321843 -0.00546168861911 0.201007455587
1563144895 29.3582553864 2.52144503593 8.32233333588 0.407302975655 0.183977350593 0.133608981967 0.382170647383
1563144896 25.5324878693 3.04875230789 5.59343099594 0.433798015118 -0.122608140111 -0.012275823392 0.281457364559
1563144897 28.2919082642 2.91624999046 5.47470617294 0.239322200418 -0.308509498835 -0.324445277452 0.209388777614
1563144898 31.492017746 3.04554462433 4.94874429703 0.165129676461 -0.428788721561 -0.446095407009 0.173593789339
1563144899 30.5092258453 2.69402313232 4.6622838974 0.41469758749 0.148346364498 0.214082866907 0.421747177839
1563144900 26.8339557648 3.64770293236 3.26464748383 0.394829452038 -0.473442167044 -0.380438715219 0.29731503129
1563144901 30.0570850372 2.91323637962 4.78880214691 0.186744600534 -0.485332518816 -0.504848480225 0.191305935383
1563144902 28.294095993 3.33400964737 4.38615608215 0.373518407345 -0.508276700974 -0.389371752739 0.252385765314
1563144903 26.9671287537 3.51453399658 4.0267791748 0.453495979309 -0.520933866501 -0.304078519344 0.235098838806
1563144904 27.7206707001 2.46945619583 7.56457996368 0.387682557106 0.270707726479 0.17447322607 0.328204631805
1563144905 30.1052570343 2.80715751648 7.24590539932 0.336418330669 0.0783367082477 0.0008474458009 0.33142670989
1563144906 25.7352428436 3.7463183403 3.18149518967 0.47994941473 -0.534346342087 -0.334665387869 0.278644829988
1563144907 29.9064292908 3.33297777176 5.33092784882 0.397605538368 -0.481010258198 -0.378953367472 0.285880237818
1563144908 29.1180343628 2.93959212303 4.45602416992 0.224506869912 -0.470309048891 -0.476165473461 0.22396427393
1563144909 29.4987239838 3.20098352432 5.13155317307 0.353727757931 -0.469318389893 -0.404123753309 0.277265638113
1563144910 26.9331283569 2.92732739449 4.8568816185 0.40429610014 -0.121133342385 0.00547315087169 0.299288243055
1563144911 36.0453987122 3.71663427353 5.79148292542 0.383515894413 -0.53988212347 -0.564370274544 0.394288659096
1563144912 28.1769332886 2.44378209114 7.68256473541 0.382143557072 0.293793737888 0.204667523503 0.331528991461
1563144913 29.178150177 3.53856945038 4.55713129044 0.357863843441 -0.386973172426 -0.272767990828 0.238664671779
1563144914 29.075056076 2.60530519485 6.52103853226 0.230307593942 0.0044303862378 -0.0539589077234 0.233993053436
1563144915 25.9080429077 2.76745462418 5.73833370209 0.352671027184 0.00251460354775 0.0509529002011 0.2555744946
1563144916 32.247467041 3.16263914108 6.05451393127 0.257252782583 -0.393214017153 -0.42259696126 0.251747190952
1563144917 25.9733734131 2.37413311005 6.62624454498 0.350497663021 0.259950786829 0.277161151171 0.273851931095
1563144918 26.6874885559 3.66111087799 3.57756495476 0.459103286266 -0.513027787209 -0.345363289118 0.291192173958
1563144919 27.5699443817 3.20498967171 3.73294878006 0.262386918068 -0.46000996232 -0.420589625835 0.218761712313
1563144920 28.6079063416 2.53666234016 5.80904006958 0.388995528221 0.230237185955 0.282756596804 0.336213201284
1563144921 27.2855644226 2.65237569809 6.46352910995 0.277179211378 -0.0112536875531 -0.0553537644446 0.248543515801
1563144922 29.669254303 2.97041034698 6.63791131973 0.355318188667 -0.0774502679706 -0.128367006779 0.327101916075
1563144923 28.9452056885 3.01987290382 4.04148054123 0.431770682335 -0.0733046531677 0.025523327291 0.396659135818
1563144924 28.695640564 2.61687421799 7.37855958939 0.377059102058 0.202883258462 0.122484922409 0.337345302105
1563144925 31.2051372528 3.07790350914 6.74234676361 0.322189748287 -0.116841815412 -0.188714981079 0.336084663868
1563144926 25.8627223969 3.53350400925 3.43157672882 0.477585315704 -0.464867174625 -0.291098445654 0.310616821051
1563144927 29.1844043732 2.46592211723 4.52863883972 0.394120395184 0.179465204477 0.245419472456 0.399994671345
1563144928 27.4188842773 2.97297167778 5.60667276382 0.386304080486 -0.0353727452457 0.0453916341066 0.282511949539
1563144929 25.3618469238 3.88868665695 2.67201089859 0.472476661205 -0.526688039303 -0.37267306447 0.324157357216
1563144930 26.9912700653 2.61190223694 6.14995908737 0.277964830399 -0.0129552474245 -0.0335138477385 0.237863510847
1563144931 28.2412796021 3.09185576439 5.58279895782 0.328571140766 -0.158785313368 -0.0812145471573 0.230918958783
1563144932 29.2378425598 3.09725141525 4.81213092804 0.281681776047 -0.43948340416 -0.432478457689 0.250850349665
1563144933 24.688949585 3.78156423569 2.53357648849 0.462520360947 -0.478551805019 -0.369122326374 0.355696648359
1563144934 28.4351711273 2.84741663933 6.5777554512 0.355896174908 -0.0193350352347 -0.0768099650741 0.319334506989
1563144935 25.0737953186 3.36944651604 3.67334938049 0.430728852749 -0.496114522219 -0.306121468544 0.234623372555
1563144936 27.6187705994 3.12969565392 4.32990694046 0.324635982513 -0.445176810026 -0.3919942379 0.259197860956
1563144937 30.6621017456 3.01555252075 5.27567625046 0.213985443115 -0.409858584404 -0.435448497534 0.2169483006
1563144938 24.3374977112 2.00736165047 7.90371131897 0.375481128693 0.473928391933 0.388604670763 0.297047168016
1563144939 27.5262546539 3.00525856018 5.91895151138 0.372554779053 -0.192539274693 -0.217899635434 0.318138599396
1563144940 27.9655170441 2.57387018204 6.63352060318 0.283624708652 0.161551058292 0.168688327074 0.22801104188
1563144941 29.7370853424 2.85256075859 5.74731349945 0.212244227529 -0.153939560056 -0.182368651032 0.212679937482
1563144942 31.4703865051 3.0047109127 5.06492853165 0.155979663134 -0.421069979668 -0.477783232927 0.195582509041
1563144943 27.0701942444 2.87725758553 3.67882108688 0.186533555388 -0.455772072077 -0.454954266548 0.185715019703
1563144944 33.4778862 3.53237628937 5.36881113052 0.356123745441 -0.498701632023 -0.518094658852 0.35439401865
1563144945 36.3136100769 3.67669606209 5.71831083298 0.335763156414 -0.531713366508 -0.588585555553 0.375792980194
1563144946 30.4327468872 2.74704957008 7.43395853043 0.325147211552 0.13060054183 0.0587161704898 0.32510226965
1563144947 26.7363319397 3.07982802391 4.78168201447 0.3696641922 -0.449172377586 -0.322473019361 0.236711323261
1563144948 28.7634849548 2.94668483734 5.73089504242 0.304747998714 -0.0430609807372 0.0101166926324 0.229037553072
1563144949 24.4048557281 3.41295957565 2.98981523514 0.45811188221 -0.415909767151 -0.278427481651 0.327911585569
1563144950 25.340341568 2.5337562561 5.81144714355 0.23834477365 -0.0746758207679 -0.0675475150347 0.17555436492
1563144951 29.3494853973 2.7945022583 4.26761102676 0.143084809184 -0.488876253366 -0.503008067608 0.153173297644
1563144952 27.8572292328 2.90204930305 3.78785324097 0.151132553816 -0.429891318083 -0.447996228933 0.167530268431
1563144953 29.2288188934 3.01585769653 5.5016245842 0.254240334034 -0.347050786018 -0.356909662485 0.23084846139
1563144954 31.7347412109 3.14983987808 5.08789682388 0.231869116426 -0.491213083267 -0.50676882267 0.235616922379
1563144955 24.3417205811 3.56626272202 2.79942417145 0.459534585476 -0.472405821085 -0.326183617115 0.319975286722
1563144956 28.53175354 3.11173701286 4.21635293961 0.421144068241 -0.229599326849 -0.10209132731 0.335736006498
1563144957 24.5623779297 2.64213180542 4.11567687988 0.266268968582 -0.181600049138 -0.105296246707 0.196599066257
1563144958 30.6110916138 2.15529537201 5.77424716949 0.353632628918 0.495631247759 0.439358860254 0.29598993063
1563144959 22.8058757782 3.22178196907 3.1779692173 0.447879970074 -0.399539768696 -0.224661424756 0.255342304707
1563144960 27.440580368 2.95761418343 5.46008253098 0.352967143059 -0.0541789792478 0.00826895050704 0.252681165934
1563144961 29.7711658478 2.69441199303 4.53226232529 0.413532495499 0.105114273727 0.18439784646 0.401913642883
1563144962 32.3263206482 3.25054383278 5.98290300369 0.290474712849 -0.409075587988 -0.435631811619 0.283385068178
1563144963 29.6315059662 2.01999235153 6.64130449295 0.443811416626 0.540587484837 0.427963674068 0.325570344925
1563144964 29.4646835327 3.01983237267 4.90881872177 0.226587742567 -0.413679212332 -0.393872499466 0.190712749958
1563144965 30.0712032318 3.13804984093 4.98131370544 0.304205179214 -0.466008424759 -0.457350254059 0.283520281315
1563144966 23.7958698273 2.5146689415 6.28151130676 0.446088671684 0.0337723270059 0.0955394804478 0.304794222116
1563144967 31.672296524 3.08171749115 6.73515701294 0.344361484051 -0.250890940428 -0.293822169304 0.34443128109
1563144968 25.0348987579 1.98641657829 7.86656999588 0.334132492542 0.479426383972 0.423594474792 0.287315934896
1563144969 29.7179203033 3.06329607964 5.06432580948 0.223774001002 -0.322240263224 -0.301765173674 0.19273661077
1563144970 25.1340923309 2.457447052 5.00773239136 0.223797693849 -0.1003973037 -0.0596119016409 0.165518522263
1563144971 30.0254650116 2.02188420296 5.20255041122 0.496297478676 0.360819846392 0.323902159929 0.450904041529
1563144972 26.9746246338 2.60237312317 6.77065372467 0.304072856903 -0.010427262634 -0.0584628283978 0.265045523643
1563144973 26.6303005219 2.31700706482 6.74832677841 0.275395035744 0.264757931232 0.246278464794 0.228894487023
1563144974 28.842508316 2.71139621735 4.29264783859 0.126696169376 -0.446380138397 -0.466993004084 0.140777423978
1563144975 30.3307762146 3.26545786858 5.21262264252 0.351152539253 -0.459388554096 -0.432500630617 0.30246847868
1563144976 31.1588783264 3.30933618546 5.19197463989 0.336797475815 -0.455909609795 -0.461965471506 0.319501817226
1563144977 34.7800064087 3.5325460434 5.90174102783 0.295316576958 -0.434203565121 -0.501681566238 0.33593031764
1563144978 25.1805496216 3.62662243843 2.86691260338 0.466259598732 -0.4464456141 -0.306246250868 0.343916982412
1563144979 28.7080478668 3.03986597061 5.39580440521 0.258987724781 -0.296525746584 -0.268961578608 0.204480648041
1563144980 28.1753635406 2.37420392036 6.32346773148 0.355582475662 0.301145404577 0.334894359112 0.30603864789
1563144981 27.770986557 2.36717677116 7.32295656204 0.277953833342 0.224854379892 0.176519617438 0.256160765886
1563144982 27.631477356 2.32225751877 6.98584699631 0.257012188435 0.279326945543 0.23697116971 0.24115537107
1563144983 26.8914852142 2.53234601021 6.72136211395 0.291983962059 0.00630891043693 -0.0377640277147 0.25839561224
1563144984 28.1418895721 2.65106511116 6.4141535759 0.250699043274 -0.0661662891507 -0.114599093795 0.239094883204
1563144985 28.5038948059 3.01658439636 4.49000597 0.276123166084 -0.470501571894 -0.444512069225 0.2346021384
1563144986 28.8339385986 2.61504292488 6.49103546143 0.269274055958 0.161311164498 0.167802169919 0.218181654811
1563144987 27.0382461548 3.4071187973 3.87828397751 0.391858696938 -0.515893936157 -0.37107488513 0.242680892348
1563144988 25.131937027 3.49237895012 3.10677146912 0.458220779896 -0.427556216717 -0.28225377202 0.318063378334
1563144989 25.5999736786 2.11143922806 7.62738180161 0.310786783695 0.40187472105 0.350441485643 0.264537453651
1563144990 32.4130859375 3.34178352356 5.57473754883 0.310042321682 -0.444318413734 -0.479352772236 0.317763000727
1563144991 24.3213806152 2.05315089226 7.72179031372 0.33297342062 0.41508179903 0.341361761093 0.276891708374
1563144992 28.7187519073 2.89799118042 5.75136041641 0.312622964382 -0.0059366710484 0.037415727973 0.240081831813
1563144993 29.5467910767 3.37297558784 5.21401262283 0.396574616432 -0.472681283951 -0.383591294289 0.301451355219
1563144994 27.8445606232 2.66839003563 4.30291223526 0.356809258461 -0.0102089866996 0.057178452611 0.336678057909
